12	2	2	3	3	3	3	2	2	2	2	3	2	3	1	3	1	3	3	1
54	3	3	2	2	2	1	3	2	2	2	2	1	1	2	3	1	3	3	2
67	1	1	1	1	1	1	1	1	1	1	3	1	1	1	3	1	1	4	3
80	2	2	2	3	2	2	3	2	1	2	3	2	2	2	2	2	4	4	2
86	2	3	3	4	3	4	4	3	3	3	3	3	3	3	2	2	2	3	1
108	4	4	1	1	4	1	3	1	2	2	1	1	1	1	1	1	3	3	1
119	2	1	3	2	1	1	2	1	2	1	2	1	2	1	1	1	3	3	2
135	2	1	1	2	2	2	1	1	1	1	1	1	1	1	1	1	4	4	2
193	1	1	3	3	2	3	3	2	3	1	1	1	1	1	1	1	3	3	2
199	1	1	1	2	1	1	1	1	1	1	1	1	1	1	1	1	4	4	3
222	1	1	2	1	1	2	3	2	99	99	2	2	2	1	1	1	3	3	1
236	1	1	2	2	3	1	2	1	1	1	2	3	2	1	2	1	3	4	2
249	1	1	2	3	1	1	2	1	1	1	3	1	1	1	1	1	3	4	2
264	3	2	1	1	3	4	4	4	4	4	1	1	1	4	2	3	1	1	1
270	2	1	1	1	1	1	1	1	1	1	1	1	1	1	1	1	4	3	3
325	2	2	2	2	4	3	2	2	1	2	3	3	3	2	1	1	3	3	1
334	2	2	3	3	2	2	3	3	2	2	2	2	2	2	2	1	2	1	2
337	1	1	2	2	1	1	2	2	2	2	3	1	1	1	1	1	3	3	1
348	1	1	1	1	1	1	2	2	1	2	2	2	2	1	1	1	3	3	2
360	2	2	1	1	4	4	2	1	1	1	2	2	2	1	1	1	4	4	1
385	1	2	1	2	3	4	3	3	2	2	3	3	2	1	3	1	3	3	2
405	2	2	1	3	3	4	4	1	4	2	1	3	1	1	4	4	2	3	4
437	2	1	2	3	2	1	2	2	1	2	2	2	2	2	2	2	3	4	2
456	2	1	1	2	2	3	3	2	1	1	3	2	1	1	3	2	4	3	2
464	2	2	2	2	1	2	2	2	1	1	3	2	1	1	1	1	4	4	3
465	2	3	2	2	2	4	2	1	1	3	4	4	2	1	1	1	4	3	2
482	1	2	3	3	2	4	3	2	4	3	4	2	2	99	2	2	3	3	3
520	1	1	2	2	2	2	2	2	2	2	2	2	2	2	2	2	3	3	2
540	1	1	2	3	2	2	3	2	3	2	2	1	2	1	2	1	3	1	1
560	1	1	4	2	1	1	1	1	2	1	3	1	1	1	1	1	4	4	2
585	1	1	2	2	1	1	1	1	1	1	2	1	2	1	1	1	3	4	1
591	1	3	4	4	1	1	4	3	4	4	4	3	2	1	2	1	3	3	1
617	1	1	4	3	2	3	2	2	2	2	1	2	2	2	2	2	4	3	4
618	1	1	1	1	1	1	1	1	1	1	1	1	1	1	1	1	3	4	2
626	1	1	4	4	1	2	4	3	1	2	1	1	99	99	99	2	4	99	1
647	1	2	2	1	1	1	3	2	1	2	2	3	1	1	2	2	3	2	2
657	1	1	1	4	1	1	1	1	1	1	1	1	2	1	1	1	4	3	2
675	2	2	3	4	3	4	3	3	3	3	2	3	2	2	3	2	3	3	2
683	1	1	1	1	1	2	1	2	3	2	2	2	2	1	1	1	3	3	2
707	1	2	4	4	1	3	3	2	1	1	2	1	1	1	2	3	3	3	2
725	1	1	2	4	1	1	4	3	4	3	1	2	2	2	3	99	3	2	2
728	3	2	3	3	1	1	3	2	2	1	3	3	2	1	2	1	3	4	2
745	1	1	2	1	1	1	2	1	1	1	1	1	1	1	1	1	3	3	2
757	3	3	3	4	1	2	2	1	2	1	3	2	2	1	1	1	4	4	2
768	2	4	4	4	4	4	4	4	4	4	4	2	3	2	2	2	3	2	4
781	2	2	3	3	2	2	2	2	2	2	3	2	2	1	2	2	3	3	2
785	2	2	3	2	3	4	4	4	4	4	4	2	3	2	3	2	2	1	1
787	1	1	2	2	1	1	1	1	1	1	1	1	1	1	1	1	3	4	2
810	4	3	3	3	1	2	3	2	2	2	2	2	2	1	1	1	3	3	1
843	3	2	1	2	1	1	3	1	1	3	2	4	1	1	2	1	2	2	2
881	1	1	2	2	4	1	2	2	2	2	2	2	2	1	1	1	4	4	2
897	2	2	2	1	2	2	2	2	2	2	2	1	2	2	1	1	4	4	1
921	1	1	3	2	1	1	3	2	1	3	2	2	3	1	2	1	3	3	2
945	3	2	3	3	3	2	2	2	2	2	2	3	3	2	3	2	3	2	2
984	1	1	2	3	2	1	2	2	1	2	2	3	1	1	1	1	3	4	1
990	2	2	1	4	4	2	4	4	4	4	1	2	1	4	2	2	1	2	1
995	2	1	1	2	3	2	2	2	1	2	1	1	1	1	1	1	3	3	2
1029	2	2	4	4	3	4	4	4	4	2	4	4	2	2	2	2	2	2	3
1053	2	2	2	2	1	2	3	3	3	2	4	3	2	2	2	2	3	3	1
1103	2	1	1	1	1	3	3	1	1	3	2	4	3	2	1	1	3	2	2
1132	1	1	1	1	1	2	2	2	2	1	2	2	2	1	1	1	2	3	1
1166	3	2	3	3	1	1	3	3	3	3	3	3	1	1	3	1	3	2	3
1169	1	1	1	2	1	4	2	1	2	1	1	1	1	1	2	1	4	4	1
1180	1	1	1	3	2	2	3	2	1	2	3	2	2	2	2	2	4	2	2
1184	3	2	2	3	3	3	1	1	2	1	4	4	2	1	1	1	3	3	2
1280	2	2	2	2	2	2	1	1	1	1	1	2	1	1	1	1	4	4	3
1326	2	1	1	1	4	1	1	1	1	1	1	1	1	1	2	1	3	4	3
1364	2	1	3	2	1	1	4	3	1	1	1	1	1	1	2	1	2	2	2
1365	2	1	4	3	3	1	4	2	4	2	4	1	2	1	4	1	2	1	2
1369	2	2	4	2	3	4	2	2	4	2	2	2	1	1	1	1	2	3	2
1375	1	1	1	2	1	1	2	1	2	1	2	2	1	1	99	99	3	3	2
1398	1	1	99	4	3	4	4	4	4	4	1	1	1	1	99	1	1	1	2
1432	1	1	2	3	2	3	3	3	4	2	1	1	2	1	2	2	3	3	2
1461	4	4	4	4	1	1	4	4	4	4	4	4	1	4	1	1	4	4	1
1474	2	1	2	3	2	2	3	2	99	99	1	2	2	2	2	1	3	3	1
1497	2	2	1	2	1	2	2	1	1	1	2	2	2	1	1	1	4	4	2
1505	2	3	2	1	1	1	2	2	2	1	3	3	3	2	2	1	3	3	2
1512	4	3	3	2	1	2	3	3	3	3	2	3	2	1	2	2	2	2	2
1525	1	1	2	2	4	1	1	1	2	1	3	1	1	1	1	1	4	4	3
1530	2	2	2	2	3	3	2	2	3	3	4	3	2	3	2	2	2	3	3
1550	1	1	2	3	2	2	1	2	2	2	1	2	1	2	1	1	3	3	3
1563	3	2	4	4	1	1	3	3	2	2	4	3	2	2	2	1	2	2	2
1566	1	1	2	1	1	1	1	1	1	1	1	2	1	1	1	1	4	3	2
1594	1	2	2	2	2	1	2	1	2	2	3	2	2	1	1	1	2	2	2
1610	3	3	2	3	2	2	3	2	2	3	4	2	2	2	2	2	2	2	2
1633	2	2	2	2	2	1	3	2	4	3	2	2	1	2	3	99	3	2	2
1638	3	4	1	2	3	1	1	1	2	2	1	2	1	1	1	1	1	2	1
1639	1	1	2	2	4	3	4	3	4	4	2	3	2	1	3	2	1	1	1
1697	3	3	2	2	2	2	2	2	1	2	2	2	2	2	2	1	2	2	2
1733	1	1	3	1	1	1	3	1	2	2	2	1	1	1	1	1	4	4	2
1740	1	1	2	2	3	3	2	2	2	2	2	2	2	2	1	1	3	3	3
1764	1	1	1	2	1	1	1	1	1	1	3	1	1	1	1	1	4	4	2
1780	2	4	1	2	4	4	2	1	4	2	3	3	2	2	2	99	2	2	2
1790	2	1	2	2	2	1	3	1	1	1	1	1	1	1	1	1	4	3	2
1838	3	3	3	1	4	1	3	3	3	3	3	3	3	1	1	3	2	3	2
1844	3	1	2	2	2	3	2	2	1	1	2	2	2	2	2	2	4	4	2
1876	2	1	2	1	1	1	2	1	2	1	1	1	1	1	1	1	4	4	2
1878	1	1	2	3	3	2	2	2	1	2	1	1	1	1	1	1	3	3	2
1882	2	1	3	4	2	2	2	1	2	2	3	2	2	1	3	2	3	3	1
1933	2	1	3	1	1	1	2	2	1	2	1	1	1	1	1	1	4	4	1
1958	1	1	4	4	4	1	4	4	4	4	4	4	4	4	4	4	1	1	1
1975	2	2	3	2	2	2	3	3	3	2	3	1	1	1	2	2	4	2	1
2013	1	1	1	1	1	1	2	2	1	1	2	2	2	2	2	1	4	4	2
2014	1	1	1	1	1	1	3	1	1	1	4	1	1	1	1	1	4	4	4
2056	2	1	2	3	1	1	2	2	3	2	3	3	2	1	1	1	3	3	2
2079	2	2	2	2	1	2	2	1	2	2	2	2	2	1	3	2	3	3	2
2122	2	3	4	2	1	2	4	2	4	1	2	1	1	1	2	1	2	2	1
2144	1	3	3	2	1	2	3	2	4	3	4	4	4	2	1	1	1	1	1
2145	3	4	4	2	4	4	2	4	2	4	4	4	2	3	1	1	4	3	2
2248	1	1	4	4	3	2	4	3	4	3	3	4	3	2	1	1	3	2	4
2250	2	99	4	4	1	2	4	4	4	4	4	4	4	4	2	1	4	4	4
2252	1	1	3	2	1	1	2	1	2	2	3	3	3	1	1	1	3	4	2
2268	2	2	4	2	2	2	3	2	2	2	2	2	2	1	2	1	4	4	2
2307	3	2	3	3	3	2	3	2	2	3	2	2	2	2	3	3	3	4	2
2312	1	1	2	3	2	2	2	1	1	1	3	3	2	1	1	1	3	3	2
2317	2	2	2	3	2	3	3	1	2	2	2	1	2	2	2	3	3	3	1
2348	2	2	1	1	1	1	3	3	1	4	2	2	2	2	2	2	4	3	2
2375	1	1	2	2	3	2	2	1	1	1	3	1	1	1	1	1	2	3	2
2433	3	3	4	4	3	3	4	2	4	4	3	2	1	2	3	3	3	3	3
2444	1	1	4	2	1	2	4	4	4	2	4	1	1	1	4	1	3	3	2
2455	2	2	2	2	1	3	2	3	2	3	3	1	1	1	2	1	3	3	2
2512	1	1	1	1	1	1	2	2	3	1	2	2	1	1	1	1	4	3	2
2543	2	2	2	3	1	2	3	2	2	2	2	3	2	2	2	2	3	3	2
2561	2	1	2	2	1	2	3	2	1	1	3	2	2	1	2	2	4	3	2
2588	3	1	1	1	1	1	1	1	1	1	2	1	1	1	1	1	4	4	3
2594	1	1	1	2	1	1	3	2	4	2	2	1	1	1	1	1	3	1	1
2599	2	1	2	2	1	2	4	4	4	4	3	3	4	3	2	1	3	3	2
2675	2	1	1	1	3	1	2	4	2	2	2	2	2	1	1	1	2	4	2
2678	2	3	2	3	2	2	2	1	2	2	2	2	1	1	1	2	3	4	2
2682	2	1	3	4	1	2	2	1	1	1	2	3	2	2	1	2	2	3	1
2723	2	2	4	3	3	3	3	3	4	3	3	4	1	2	1	1	2	1	1
2798	1	1	2	2	1	2	2	1	1	1	1	1	1	1	1	1	3	3	2
2814	4	1	1	1	1	1	1	1	1	1	1	1	1	1	1	1	4	4	2
2832	4	3	2	2	4	4	2	2	2	2	4	1	1	3	4	3	4	3	2
2837	2	2	2	2	3	3	2	1	3	1	4	2	1	1	2	1	3	2	1
2863	1	1	1	2	1	4	1	1	1	1	2	1	1	1	2	1	4	4	2
2898	1	1	3	3	2	2	3	2	1	2	2	2	2	2	1	1	2	3	1
2936	2	2	1	1	1	1	2	2	2	2	2	3	3	1	1	1	3	4	2
2937	1	1	4	4	1	3	4	2	3	3	3	2	1	1	99	2	2	3	2
2955	2	1	1	1	1	1	1	1	1	1	2	1	2	1	1	1	3	3	2
2978	2	2	2	2	3	99	3	2	3	3	3	2	3	1	1	1	4	4	2
2986	2	2	4	4	1	3	3	2	1	2	4	3	1	3	2	1	3	2	3
2996	2	1	2	4	2	2	3	3	3	3	2	2	1	3	1	1	3	3	1
3032	2	2	2	2	2	2	3	2	2	2	3	2	3	1	2	2	3	4	2
3054	1	1	1	99	1	1	1	1	1	1	1	1	1	1	1	1	4	3	2
3111	1	1	2	2	2	1	2	2	2	1	2	1	2	3	1	2	3	3	2
3114	4	3	4	1	4	4	4	1	3	99	3	3	4	2	1	1	4	3	2
3119	2	1	2	2	2	3	2	1	1	3	2	1	1	1	1	1	3	4	2
3125	4	3	2	1	4	4	2	3	3	2	4	4	3	1	1	1	4	4	1
3144	1	1	1	2	1	1	2	1	2	1	1	1	1	1	2	1	2	2	3
3184	1	2	3	4	1	2	2	1	3	2	4	1	3	1	1	1	3	4	2
3210	2	2	4	4	3	4	2	3	2	2	2	2	2	2	2	2	4	4	2
3220	1	1	1	1	1	1	1	1	1	1	2	3	1	1	1	1	4	4	3
3255	2	2	2	2	1	1	2	3	3	2	1	2	1	1	1	1	4	4	2
3270	1	1	2	2	1	1	1	1	2	1	3	1	1	1	1	1	2	2	2
3291	1	1	1	2	1	4	2	3	1	1	2	2	1	1	1	3	4	4	3
3304	2	1	2	2	1	1	2	2	2	2	2	1	1	1	1	1	3	4	2
3306	2	2	2	2	3	2	4	3	2	3	4	1	1	1	3	2	3	3	2
3323	1	2	4	3	2	3	4	3	4	2	3	1	2	3	3	3	2	3	1
3341	2	2	3	2	3	2	3	3	3	3	3	99	3	2	2	2	3	3	2
3369	2	1	1	2	1	1	3	2	2	2	2	1	2	2	1	1	4	4	2
3385	2	2	2	2	2	2	2	2	2	2	2	2	2	1	2	1	3	3	2
3393	2	1	2	3	2	1	2	1	3	1	1	2	1	1	1	1	3	4	2
3404	2	2	3	2	3	2	3	3	3	3	3	3	2	2	3	3	3	3	1
3430	2	2	2	4	1	2	3	2	1	2	1	1	1	1	1	1	4	2	2
3443	2	1	1	2	1	2	1	1	1	1	3	1	1	1	1	1	4	4	2
3448	1	2	2	4	1	4	2	2	2	2	2	2	1	1	2	3	4	4	1
3463	2	1	3	4	3	4	4	4	2	2	2	4	3	2	1	1	3	3	1
3471	2	2	1	1	3	2	1	2	1	1	1	2	1	2	1	1	4	4	2
3489	3	2	2	2	2	3	3	2	3	2	3	3	2	1	1	1	3	2	2
3497	1	2	1	2	2	3	3	2	2	2	2	4	3	1	3	2	2	2	1
3512	3	3	3	3	1	1	3	2	2	3	2	2	2	1	1	1	3	2	2
3526	1	2	3	2	3	2	2	2	3	3	4	2	1	4	2	2	3	3	2
3563	1	1	4	2	1	3	3	1	3	2	4	2	2	2	1	1	3	2	2
3564	2	1	3	3	2	3	2	3	1	2	3	1	1	1	2	2	3	3	1
3579	4	2	3	2	4	4	4	1	1	1	4	2	4	2	1	1	4	3	1
3583	1	1	2	3	2	1	2	1	2	1	3	2	2	1	1	1	4	4	3
3599	3	2	2	2	1	1	2	2	2	2	1	2	2	1	1	1	3	3	2
3605	2	2	3	3	2	2	4	3	99	4	2	1	1	3	3	3	2	2	1
3626	2	1	2	3	2	2	3	3	4	2	3	2	3	2	2	1	3	99	2
3652	2	2	2	2	1	1	4	2	4	4	2	2	2	1	1	1	3	3	2
3805	2	3	2	3	1	4	3	3	3	2	3	3	3	2	2	2	2	2	2
3824	1	1	4	3	1	3	3	3	4	2	4	4	4	2	1	1	2	3	1
3863	2	2	3	4	3	3	1	3	1	2	1	1	1	1	3	3	3	2	1
3884	1	1	1	1	1	1	2	2	2	2	2	1	2	1	1	1	3	2	1
3909	2	1	3	3	2	2	2	2	2	2	3	3	3	2	1	1	3	3	1
3937	3	2	2	2	4	3	4	2	2	4	3	3	2	2	2	2	2	3	2
3938	1	3	4	1	1	1	3	2	2	4	3	2	2	2	2	1	2	2	1
3952	2	1	2	3	4	3	3	2	3	2	1	4	2	2	2	1	4	4	2
3997	2	2	2	3	2	1	3	3	4	3	3	3	2	2	2	1	2	4	2
4008	1	1	3	2	3	3	3	2	1	1	2	2	2	1	1	1	4	4	2
4027	2	2	4	3	1	2	3	3	2	2	3	3	3	1	2	2	4	3	2
4039	1	2	1	1	3	1	2	1	1	1	2	2	2	1	1	1	3	4	1
4064	3	2	1	2	4	2	1	1	2	2	3	2	2	1	2	3	2	3	2
4127	2	1	3	3	1	1	1	1	1	1	2	2	1	1	1	1	3	3	1
4132	2	1	1	1	2	1	1	1	1	1	3	2	1	1	1	1	3	4	2
4166	1	1	2	4	2	3	2	2	2	2	1	1	2	1	2	1	3	2	2
4183	1	1	1	2	3	3	3	3	3	2	3	3	3	2	3	1	4	2	2
4242	1	1	2	2	1	1	2	2	1	2	1	1	1	1	1	1	4	4	1
4250	1	2	3	3	2	3	3	2	2	2	1	2	2	1	2	3	4	4	3
4251	4	3	1	2	2	4	4	2	4	2	3	1	3	3	2	1	3	2	1
4283	2	2	2	2	2	2	3	2	2	2	3	3	2	2	2	2	3	4	1
4311	3	2	1	2	4	4	2	2	2	2	2	2	2	1	1	1	3	3	2
4328	1	1	4	4	1	3	4	3	3	3	2	2	2	2	2	2	4	3	1
4346	1	1	1	2	1	1	2	3	3	1	2	1	2	1	2	1	3	3	3
4421	1	1	3	3	2	2	3	2	1	2	1	2	2	1	3	2	3	3	2
4461	2	2	1	1	1	1	3	3	1	1	3	3	1	1	1	1	4	4	1
4483	1	1	3	3	1	1	2	2	2	2	3	2	2	1	2	2	2	3	2
4512	1	1	2	2	4	4	3	2	3	2	1	1	1	1	2	99	3	2	2
4546	1	1	1	1	1	1	1	1	1	1	2	3	1	1	1	1	4	4	2
4549	1	1	2	4	2	1	4	3	4	3	3	4	1	2	1	1	4	2	2
4621	3	1	1	2	1	1	3	2	1	1	4	2	1	2	4	1	3	3	2
4623	1	1	2	3	3	3	3	4	2	2	2	2	1	2	2	2	3	3	1
4633	1	1	1	2	1	1	1	1	1	1	2	1	1	1	1	1	4	3	2
4645	4	2	2	2	4	4	4	4	4	4	4	2	4	2	3	4	2	2	2
4693	1	1	1	1	1	1	2	2	3	2	3	3	99	1	1	1	4	4	3
4714	1	4	1	1	1	1	2	2	2	1	2	2	1	1	1	1	2	3	1
4716	2	1	4	3	1	1	1	2	1	1	3	2	2	1	1	1	3	4	2
4737	2	2	3	2	1	1	3	1	1	2	2	2	1	2	2	1	3	3	3
4750	4	1	3	3	4	4	2	4	1	1	4	4	4	4	2	2	4	2	2
4815	2	2	2	2	1	2	2	2	1	2	1	2	1	1	2	2	2	4	2
4820	1	2	3	2	3	2	4	2	1	1	4	1	2	1	1	2	2	2	2
4833	2	2	4	4	1	2	3	2	2	2	2	4	2	2	2	2	3	4	1
4839	1	1	1	2	1	1	1	1	1	1	1	1	1	1	1	1	4	4	3
4841	3	2	1	2	3	2	2	2	2	2	3	2	3	2	1	1	3	2	2
4854	1	2	2	2	1	2	3	1	3	2	4	1	1	1	1	1	1	1	1
4908	1	1	1	2	4	4	2	2	4	2	1	1	1	1	2	1	2	4	2
4911	2	2	2	3	2	2	4	3	2	3	3	3	3	1	2	2	2	2	1
4921	1	1	2	2	1	2	2	2	3	2	2	1	2	1	2	1	4	4	3
4927	1	1	3	4	1	1	4	4	3	2	4	1	1	1	1	1	3	3	2
4937	2	1	1	3	3	2	3	3	1	1	3	2	2	1	2	2	4	4	2
4968	1	1	2	2	1	2	4	4	4	4	4	2	1	1	4	4	3	1	2
4990	1	1	1	3	1	1	4	2	4	2	3	4	1	1	1	1	2	1	2
4996	2	3	1	2	3	2	2	1	2	2	3	1	2	1	1	1	4	3	2
4998	1	1	1	2	1	1	1	1	1	1	2	1	1	1	1	1	4	4	4
5034	1	1	2	3	2	2	2	1	2	2	3	1	2	1	1	1	4	3	2
5038	1	1	2	2	2	1	1	1	1	1	2	2	1	1	1	1	3	3	2
5062	1	1	1	1	1	1	3	1	1	4	2	2	1	1	1	1	4	4	4
5083	3	2	1	2	4	4	2	2	2	2	3	99	3	2	1	2	2	2	1
5097	2	2	2	3	3	3	3	3	3	2	3	3	3	3	2	2	2	1	1
5103	3	2	3	3	2	3	3	2	3	1	3	2	2	2	2	2	3	3	2
5113	1	1	1	1	1	1	1	1	1	1	1	1	1	1	1	1	4	3	1
5151	2	1	3	3	1	1	2	2	1	2	1	1	1	1	1	2	4	4	1
5184	1	1	3	3	1	1	3	3	1	1	1	1	1	1	1	1	2	3	2
5185	2	1	3	2	1	1	2	1	2	1	3	1	1	1	1	1	3	3	2
5214	1	1	1	1	1	1	4	2	3	3	2	4	1	1	3	2	2	1	2
5242	3	2	3	2	2	3	2	2	99	3	1	2	2	1	1	1	3	3	1
5267	2	1	1	1	1	1	1	1	1	2	1	1	1	1	1	1	3	3	3
5270	3	4	4	3	4	4	4	4	3	3	3	3	4	4	99	99	1	1	1
5310	1	1	2	1	1	1	2	2	1	2	2	4	1	2	1	1	4	4	2
5350	4	1	1	4	4	1	1	4	4	1	1	1	4	1	1	1	2	1	1
5351	4	2	2	2	2	2	2	2	2	2	3	2	2	1	1	2	3	3	3
5370	1	1	4	1	1	2	4	3	1	99	4	4	4	1	99	2	2	3	1
5371	4	3	2	2	4	3	2	2	2	2	2	1	1	1	2	2	3	4	2
5381	2	2	3	4	1	2	3	2	2	1	4	1	1	1	2	1	3	3	2
5405	3	99	4	4	2	4	2	2	2	2	2	3	4	2	2	2	3	4	2
5412	1	1	3	3	2	2	3	2	3	2	2	2	2	1	2	1	3	3	2
5420	3	1	2	3	2	2	3	2	2	2	4	3	2	2	2	2	3	4	2
5499	1	1	2	3	2	2	2	1	2	1	2	1	1	1	2	1	3	3	2
5549	2	1	1	1	2	1	1	1	2	1	3	1	1	1	1	1	4	4	2
5577	2	2	2	3	2	3	3	2	3	3	2	1	3	1	3	1	3	3	2
5598	1	1	1	1	1	2	2	1	1	1	2	2	1	1	2	1	4	4	2
5613	1	1	1	1	1	1	2	1	1	1	1	1	1	1	1	1	4	4	2
5623	2	1	2	2	2	2	2	1	2	1	3	3	2	1	1	1	3	4	3
5624	1	2	3	4	3	4	4	3	4	3	4	3	2	3	3	3	3	2	1
5630	2	1	2	3	3	2	2	2	1	1	3	1	1	1	1	1	4	3	1
5635	2	3	3	2	2	2	3	2	2	2	3	2	2	3	2	2	2	2	2
5649	3	2	4	2	2	4	2	2	2	2	4	3	2	2	2	2	4	3	4
5696	3	2	3	3	3	4	4	99	2	2	3	2	2	4	2	3	4	3	2
5708	3	2	2	2	1	2	2	2	3	2	3	2	1	1	1	1	4	2	2
5767	1	1	1	1	1	1	1	1	2	1	2	3	2	1	1	1	4	4	2
5771	99	2	2	99	99	99	4	99	3	99	3	3	2	2	99	99	3	99	2
5781	1	1	1	1	1	1	1	1	1	1	3	1	1	1	1	1	4	4	2
5814	1	1	4	2	4	4	1	2	1	1	3	3	2	1	1	1	4	4	2
5888	1	1	2	2	1	1	1	1	1	2	1	1	2	1	2	2	4	4	3
5905	2	1	2	2	4	4	2	2	1	2	2	1	1	1	2	1	3	4	4
5945	2	2	3	2	2	1	2	3	4	4	4	2	2	1	2	2	3	3	2
5966	3	1	1	1	2	3	1	2	1	1	1	2	1	1	1	1	4	4	3
6017	2	1	4	1	4	2	2	1	1	1	2	1	2	1	1	1	4	3	1
6019	2	1	2	3	4	3	3	3	3	2	3	3	2	1	3	2	2	2	2
6029	2	2	99	2	1	3	99	2	2	2	2	2	2	1	2	2	4	4	1
6035	1	1	1	3	1	1	2	1	2	1	2	1	1	1	1	1	4	4	2
6036	1	1	2	1	1	1	3	2	1	2	1	1	1	1	2	1	4	3	1
6046	1	1	4	4	1	1	4	4	4	4	1	4	1	1	4	4	2	2	2
6058	2	3	3	4	3	1	3	2	4	3	3	2	3	2	3	1	3	3	2
6119	1	2	1	2	3	2	2	1	1	1	2	1	1	1	1	1	3	3	1
6143	1	1	1	1	4	1	4	4	4	4	4	4	4	1	4	1	2	2	2
6144	1	1	1	1	1	1	1	1	1	1	1	1	1	1	1	1	3	3	3
6163	2	2	1	2	1	1	2	1	2	1	2	2	2	1	1	1	4	4	1
6180	2	2	3	2	2	2	3	2	3	2	2	2	2	2	3	1	3	3	2
6188	1	1	4	3	1	3	4	2	1	2	3	4	2	3	2	1	2	2	1
6199	3	2	2	2	3	4	2	99	3	3	3	2	1	3	3	1	2	3	2
6202	2	2	2	3	3	2	3	3	2	3	99	3	2	1	2	2	2	2	2
6211	2	2	2	2	1	2	2	3	99	2	2	2	2	2	2	1	3	3	1
6234	1	1	1	1	1	1	2	1	2	2	1	2	1	1	1	1	4	3	2
6252	2	2	2	3	3	3	2	2	2	3	2	3	3	2	2	2	3	3	3
6289	3	2	1	1	4	4	4	1	1	1	4	2	1	2	1	4	3	3	4
6299	2	2	2	1	3	4	2	2	2	2	2	2	2	2	2	2	3	3	4
6309	2	1	2	2	2	2	2	2	2	2	3	2	3	2	1	1	3	3	2
6319	2	2	2	2	1	2	2	1	2	1	2	1	1	1	1	1	4	4	3
6350	1	1	2	3	1	1	2	2	2	2	2	2	2	1	1	1	3	3	1
6353	2	1	2	2	1	1	2	2	2	2	2	2	1	1	1	1	4	3	2
6362	2	2	2	2	2	2	4	3	4	4	4	3	2	3	2	3	1	1	1
6377	1	1	3	3	2	2	3	2	2	2	1	1	2	1	1	1	2	2	2
6409	3	1	1	2	2	1	2	2	2	2	1	2	2	1	1	1	3	3	2
6425	1	1	4	2	1	1	2	3	1	2	3	4	2	1	1	1	3	4	1
6485	1	1	2	2	2	3	3	2	2	2	3	2	2	1	1	1	3	3	1
6490	1	1	3	3	1	2	4	4	4	4	2	2	3	3	1	1	1	1	1
6511	1	1	1	2	1	1	3	2	2	1	2	2	1	1	1	1	2	2	2
6512	1	1	1	2	1	1	2	1	1	1	3	2	2	1	1	1	3	3	3
6562	1	1	4	4	1	1	2	2	1	4	2	4	1	1	1	1	3	3	1
6571	2	2	2	2	3	1	2	2	3	2	1	3	1	1	1	1	4	3	2
6640	2	1	2	2	2	3	2	2	2	2	2	1	2	3	2	2	3	3	2
6645	1	1	1	1	1	1	2	2	1	1	1	1	1	1	1	1	3	3	3
6690	2	2	2	1	1	1	4	1	2	1	1	1	2	2	1	1	2	4	1
6714	2	1	2	2	1	4	4	4	4	4	4	4	3	1	4	4	2	2	2
6720	1	1	2	2	1	1	2	2	1	1	99	2	3	1	1	1	3	3	1
6740	4	4	1	1	4	1	1	1	1	1	1	1	1	1	1	1	3	3	1
6747	2	2	2	2	1	1	3	3	2	3	4	2	3	2	2	2	1	2	2
6750	3	2	3	2	2	3	3	3	3	3	3	3	2	2	1	1	2	2	2
6754	2	2	2	1	4	2	3	2	2	2	3	2	1	1	1	1	3	3	1
6770	2	1	3	2	1	1	3	2	1	1	3	2	2	1	2	1	4	4	2
6781	1	1	2	2	1	1	1	1	2	1	1	1	1	1	2	1	3	3	1
6788	1	1	2	1	1	1	2	2	2	1	3	2	1	1	1	1	3	3	1
6842	2	1	3	3	2	2	2	2	3	2	2	2	2	2	2	2	3	3	2
6857	3	2	2	2	3	2	3	3	4	3	3	4	2	3	99	2	2	1	2
6876	1	1	2	3	2	3	3	2	3	4	4	4	1	1	2	3	1	2	1
6877	3	2	2	1	2	2	2	2	1	2	2	1	2	1	1	1	4	4	2
6889	4	4	4	4	4	4	4	1	2	2	4	4	4	4	4	3	4	4	1
6908	2	2	3	3	1	2	2	2	2	2	1	1	2	1	1	1	4	4	2
6963	2	2	2	3	1	1	4	4	3	99	1	4	1	2	99	99	2	1	3
6967	2	2	3	3	2	1	1	1	1	1	2	2	1	1	1	1	3	3	2
7022	2	1	2	2	1	2	3	2	1	1	2	1	1	1	1	1	4	4	2
7031	2	1	1	1	1	1	1	1	1	1	1	1	1	1	1	1	4	4	1
7032	3	3	2	2	2	2	4	3	2	3	4	4	3	2	2	2	1	2	2
7050	3	1	2	1	1	1	2	1	1	1	1	2	1	1	1	1	4	3	3
7080	3	3	2	2	3	4	99	99	4	4	4	2	2	4	4	2	3	1	1
7094	1	1	4	4	1	1	4	3	4	2	3	1	1	1	2	1	1	1	2
7187	3	3	4	1	4	1	4	3	1	1	4	2	1	2	1	1	4	4	1
7200	1	2	4	2	2	2	3	2	3	4	3	2	2	1	2	3	3	2	2
7224	1	1	3	1	3	1	3	2	1	3	2	1	1	1	2	1	2	3	2
7226	2	1	1	2	1	1	1	1	1	1	1	1	1	1	1	1	4	3	2
7267	2	1	2	2	1	2	2	2	2	2	1	2	1	1	1	1	4	4	3
7305	3	2	2	2	1	1	3	2	2	2	2	3	1	1	1	1	3	3	1
7308	3	3	2	4	1	1	2	2	4	2	4	4	1	4	4	4	2	2	2
7325	1	1	1	3	1	1	1	1	1	1	1	1	1	1	1	1	4	3	2
7346	2	2	4	4	1	4	4	4	4	4	3	4	2	4	2	2	2	1	1
7374	2	2	4	3	4	4	4	4	1	1	4	4	1	1	1	1	3	1	2
7414	2	2	2	3	2	2	3	2	3	2	3	2	3	2	2	2	3	3	2
7431	1	1	2	2	1	1	2	3	2	2	1	1	1	1	2	1	3	3	1
7441	2	2	2	3	2	1	2	2	2	2	3	2	2	2	2	1	3	3	2
7448	1	1	2	2	1	2	4	2	2	2	2	3	2	2	2	2	2	4	1
7452	1	1	1	1	1	1	3	2	2	2	3	2	2	1	1	2	3	3	2
7455	2	1	1	2	1	2	2	3	2	3	1	1	1	1	1	1	3	4	3
7504	2	2	3	3	2	2	2	2	2	2	2	3	2	1	2	1	3	3	2
7516	2	2	2	3	1	1	2	1	1	1	1	1	2	1	2	1	4	4	1
7578	1	1	1	1	1	1	2	1	1	1	1	1	1	1	1	1	4	4	2
7580	3	1	2	2	4	4	4	2	2	2	2	3	3	3	3	1	1	2	2
7597	4	3	2	2	2	4	2	3	3	3	2	3	3	1	2	3	3	2	2
7605	1	1	1	2	1	1	1	1	2	1	2	2	2	1	1	1	4	3	2
7637	1	1	4	1	4	1	4	4	4	4	3	1	3	4	4	4	3	2	1
7646	2	2	4	3	2	3	3	2	2	99	3	2	2	2	2	1	3	2	2
7661	1	1	3	2	1	1	3	2	4	3	2	4	3	2	1	1	4	3	2
7682	2	1	2	4	1	1	2	2	2	2	1	1	1	1	1	1	2	2	2
7753	2	1	2	1	2	1	1	1	1	1	2	2	2	1	1	1	4	4	3
7761	1	1	3	3	1	2	2	2	3	2	1	2	1	1	2	1	4	4	3
7767	1	1	2	2	1	2	1	1	2	1	2	2	1	1	1	1	3	2	2
7781	1	1	2	2	1	2	3	2	2	2	2	1	4	1	1	1	3	2	1
7782	2	2	3	2	2	2	2	2	2	2	2	2	2	1	2	2	3	3	2
7795	2	3	2	3	3	2	2	2	3	3	3	3	2	2	1	1	3	3	1
7807	1	1	2	2	1	1	4	2	3	3	3	3	2	3	1	1	2	2	1
7810	3	1	1	1	2	2	2	2	2	1	1	2	1	1	1	2	4	4	3
7825	4	1	2	3	3	3	2	2	1	1	3	2	2	1	1	1	3	3	2
7845	1	1	2	2	1	1	3	2	2	2	3	2	2	1	1	2	3	3	2
7847	2	1	1	4	3	2	2	2	2	4	3	2	2	2	2	2	4	4	2
7848	1	1	2	1	2	1	1	1	1	2	3	1	1	1	1	1	4	4	2
7859	1	1	1	1	1	1	2	2	1	2	1	4	2	3	2	2	3	3	2
7869	2	2	2	2	1	1	2	2	2	2	4	2	2	1	1	1	3	3	2
7880	1	1	1	1	1	1	2	1	1	1	1	2	1	1	1	1	4	4	2
7905	2	1	2	2	1	1	2	1	1	1	1	1	1	1	1	1	4	4	2
7946	1	1	3	3	1	1	1	1	1	1	1	1	1	1	1	1	4	4	2
8033	1	1	1	1	4	1	4	1	4	4	4	1	1	1	1	1	2	2	2
8051	1	1	1	3	2	1	3	2	2	1	2	1	1	1	1	1	2	3	2
8059	1	2	2	1	1	1	2	1	1	1	4	1	1	1	4	1	4	4	2
8071	2	1	2	2	1	1	1	1	1	2	1	2	2	2	1	1	4	4	3
8088	2	2	2	2	3	4	2	1	2	2	3	2	3	1	2	1	2	2	3
8095	1	1	2	1	1	3	1	1	1	1	1	1	1	1	1	1	4	3	1
8109	2	1	3	3	2	1	2	2	3	2	2	1	1	1	3	2	2	3	1
8116	1	1	2	1	1	2	2	1	1	1	2	2	2	1	1	1	4	3	2
8142	1	1	3	3	1	1	1	1	1	1	3	1	1	1	1	1	4	4	2
8147	1	1	1	2	1	2	1	1	1	1	1	1	1	1	1	1	4	4	2
8213	3	2	1	2	1	1	2	2	2	2	3	1	2	1	1	3	4	3	2
8223	1	1	2	1	1	1	1	1	2	2	1	2	1	1	1	1	4	99	3
8242	1	1	2	2	2	2	4	4	4	3	2	4	2	2	2	3	3	2	1
8269	1	1	1	2	2	1	1	1	1	1	1	1	1	1	1	1	4	4	3
8301	2	2	2	3	2	3	2	2	1	1	2	1	2	1	99	3	3	3	3
8318	2	2	2	2	2	2	2	2	1	2	2	2	2	1	2	1	3	3	2
8355	2	2	2	2	2	2	2	2	2	2	1	3	2	3	2	2	3	2	2
8359	1	1	2	3	2	2	3	2	3	99	3	3	1	1	1	1	4	3	2
8386	3	1	4	3	2	4	4	4	3	2	4	4	3	4	3	1	4	4	3
8394	2	2	3	2	1	1	2	99	2	99	99	2	1	2	3	1	3	4	3
8409	1	1	2	2	1	1	3	3	1	1	4	3	1	1	1	1	4	4	3
8442	2	2	2	4	1	2	4	4	2	2	3	3	2	1	3	4	4	4	2
8476	2	1	2	2	1	4	2	2	2	2	1	1	2	1	1	1	4	3	2
8477	2	2	2	2	2	2	2	1	2	1	2	2	2	2	2	1	3	3	2
8533	2	4	2	2	2	2	4	1	1	1	3	4	1	99	1	2	2	2	1
8547	1	2	2	2	1	1	2	2	2	2	3	2	3	2	1	1	4	4	2
8563	2	1	2	2	1	1	2	1	1	1	3	1	1	1	1	1	4	3	2
8584	3	2	3	3	2	3	3	3	4	3	2	2	2	1	3	4	2	3	1
8638	2	2	3	2	4	3	3	1	1	2	2	2	1	2	1	1	3	3	1
8644	1	1	3	2	3	4	2	2	1	1	3	1	1	1	99	99	99	99	1
8682	1	1	1	1	1	1	1	1	2	2	3	1	1	1	1	1	3	3	2
8685	2	2	2	1	1	1	2	1	1	2	3	1	2	1	3	1	4	4	2
8703	2	2	2	2	2	2	2	1	2	2	3	2	2	1	1	1	3	3	2
8799	2	2	99	2	4	4	4	2	4	2	1	1	1	1	1	3	1	1	2
8823	2	1	4	4	2	4	4	4	4	4	4	4	1	1	1	1	2	2	1
8891	4	4	4	4	4	4	4	1	1	4	4	1	4	1	1	1	1	2	1
8911	3	1	1	3	3	1	1	1	3	1	3	1	2	1	1	1	4	4	4
8918	2	2	3	2	2	2	3	2	2	2	2	1	1	1	3	2	2	3	1
8928	1	1	4	2	2	2	2	2	1	2	3	4	2	1	2	2	4	2	2
8933	2	1	2	2	1	1	2	1	1	1	2	1	1	1	1	1	3	3	2
8955	3	3	4	4	4	4	3	2	4	3	2	2	3	1	3	1	2	2	3
8982	2	2	3	3	2	2	2	2	2	1	2	1	1	1	2	2	3	4	2
9039	1	1	2	2	1	2	4	4	3	3	3	3	3	1	3	2	3	4	2
9091	2	1	1	1	1	1	2	2	1	2	4	1	1	1	2	1	4	4	2
9134	1	1	1	1	1	1	3	1	2	1	1	3	1	1	1	1	3	3	2
9205	4	4	2	1	4	4	4	4	3	4	4	4	4	2	3	3	2	2	2
9219	3	1	2	1	1	1	3	2	4	1	3	3	1	1	3	1	3	4	1
9220	1	2	2	2	1	3	2	2	3	2	2	1	2	2	2	2	3	3	1
9226	1	1	3	2	1	1	99	99	99	99	2	1	3	1	1	1	2	3	1
9249	2	1	1	2	2	2	2	2	1	1	2	2	3	1	2	1	3	4	2
9290	1	3	1	2	2	2	4	1	2	2	4	1	1	1	1	1	4	4	1
9299	1	1	3	1	1	1	1	1	1	1	1	1	1	1	1	1	4	4	2
9308	3	2	4	4	1	1	3	1	1	1	1	3	1	1	4	4	4	4	2
9329	3	4	1	99	4	1	3	1	1	99	3	3	1	3	3	99	2	4	2
9392	2	2	2	2	1	1	2	2	1	1	3	2	2	1	1	1	3	3	2
9395	1	1	1	1	1	1	2	1	2	1	2	1	1	1	1	1	3	4	2
9438	3	3	3	4	3	2	3	3	2	2	4	3	2	3	4	3	3	3	2
9459	1	1	3	2	2	2	2	2	2	2	3	99	3	2	1	99	2	3	2
9492	1	1	2	3	1	2	1	1	2	2	3	1	1	1	2	2	4	4	2
9505	2	1	2	3	3	4	3	2	1	3	4	2	2	1	1	1	3	3	1
9513	2	1	4	99	1	1	4	4	1	4	99	1	1	1	2	1	1	1	1
9524	1	2	1	1	1	2	1	1	1	1	1	2	1	1	1	1	4	4	4
9540	2	2	3	2	2	1	2	1	3	3	3	4	1	1	2	2	3	3	1
9562	2	1	2	2	2	2	99	2	2	2	2	1	2	1	2	2	4	4	2
9567	1	1	1	2	1	4	4	1	3	3	1	1	1	1	1	1	2	2	2
9586	2	1	2	2	2	2	3	2	2	2	2	2	1	1	2	2	2	3	2
9624	1	1	2	3	2	4	2	2	1	1	2	2	2	1	1	1	4	4	2
9627	1	1	3	3	3	3	3	2	3	2	2	4	4	2	2	2	3	3	2
9648	2	2	3	1	1	1	4	4	4	4	2	2	2	2	4	2	1	1	2
9657	1	1	4	3	3	1	2	2	1	2	3	2	2	1	3	3	3	3	2
9680	2	2	2	2	3	2	3	3	3	3	3	3	2	2	2	2	2	2	2
9686	2	2	2	2	1	2	2	2	3	1	1	1	1	1	2	1	2	99	2
9691	2	1	2	3	1	1	2	2	3	1	3	1	1	1	1	1	4	3	2
9712	1	1	4	4	1	1	1	1	1	1	1	1	1	1	1	1	4	4	1
9714	1	1	1	1	1	1	2	2	1	1	4	2	1	1	1	1	3	2	2
9718	2	2	3	3	2	2	4	3	3	3	3	2	2	2	2	2	2	3	1
9741	1	1	2	2	1	1	3	2	2	2	2	1	1	1	2	2	2	3	2
9743	1	1	1	2	2	2	2	1	1	1	1	3	1	1	1	1	3	3	1
9748	2	2	4	3	1	2	2	3	3	2	3	4	2	3	2	2	2	3	2
9751	1	2	2	3	1	1	2	1	2	2	3	1	1	1	1	1	3	3	2
9794	1	2	3	4	1	2	2	2	1	1	3	2	2	2	2	2	4	3	1
9823	1	1	99	99	2	2	2	2	3	2	3	2	2	1	3	1	3	3	2
9826	3	2	1	1	4	2	3	2	2	2	4	4	1	1	2	2	2	2	2
9830	2	2	2	2	1	2	2	2	1	2	2	1	1	1	2	1	2	3	2
9854	3	1	4	3	2	3	3	2	2	2	2	1	1	1	1	1	99	99	2
9878	2	2	3	4	2	2	3	2	2	2	3	2	2	2	2	2	3	3	2
9915	1	1	1	2	3	3	2	2	2	1	3	3	2	3	1	1	3	2	2
9944	2	2	2	2	1	2	3	3	2	2	2	2	2	1	2	1	3	3	3
9982	4	3	2	1	2	2	3	2	2	2	2	2	2	2	2	3	3	3	1
9997	3	2	2	2	3	2	2	2	3	2	2	3	2	1	3	2	3	3	2
10018	2	2	2	3	4	3	3	2	2	3	2	2	2	99	1	1	4	3	1
10026	3	3	2	2	3	3	3	2	3	3	3	2	2	2	1	1	2	2	2
10029	1	2	3	3	2	2	4	3	3	3	4	3	2	2	1	2	2	3	2
10035	4	4	2	3	1	2	2	2	4	2	2	2	2	1	2	1	2	2	1
10036	1	1	1	1	1	2	2	2	3	2	1	2	1	1	1	1	4	3	1
10039	3	2	2	2	2	2	3	2	2	2	2	3	3	2	2	2	2	3	2
10047	2	1	1	2	1	1	1	1	3	1	2	4	1	1	1	1	4	4	3
10050	3	3	4	4	3	4	4	4	2	4	2	2	2	2	99	2	2	2	1
10066	1	1	3	4	2	2	2	2	2	2	1	1	1	1	1	1	4	4	1
10075	2	2	2	3	1	1	2	2	3	2	3	3	3	2	1	1	3	2	2
10085	3	2	4	4	1	1	4	4	4	4	4	3	1	2	1	1	3	2	1
10089	1	1	2	2	1	1	3	2	4	1	1	1	2	2	1	1	4	4	2
10097	3	2	2	2	3	3	3	3	3	2	3	3	2	2	3	2	2	2	2
10108	2	1	1	2	2	2	2	2	2	1	3	2	2	1	1	1	4	4	2
10131	1	1	1	1	2	1	1	1	1	1	2	2	1	1	1	1	4	3	2
10136	2	2	2	2	3	2	2	3	2	2	2	2	1	2	2	2	3	3	2
10142	1	1	2	3	1	1	2	2	2	2	1	2	2	1	1	1	4	4	2
10151	3	2	1	2	1	1	2	2	3	1	2	1	3	1	1	1	3	4	2
10180	2	1	2	1	2	1	3	2	3	2	2	2	2	1	1	1	3	3	2
10237	3	3	2	3	4	1	4	4	4	4	3	1	2	2	2	2	1	2	2
10242	3	2	2	3	1	1	3	2	4	2	4	3	2	1	2	2	2	2	1
10266	3	2	1	4	4	4	3	2	2	1	2	2	2	2	1	1	4	4	4
10314	1	1	2	2	1	2	1	1	4	2	4	4	1	1	1	1	4	4	2
10439	1	1	1	2	1	1	2	2	2	1	2	1	1	2	2	2	4	4	2
10453	1	1	3	3	4	3	3	3	2	2	3	2	1	1	2	1	3	3	2
10470	2	3	2	3	2	2	1	2	1	1	3	1	1	2	1	1	3	4	2
10482	2	1	2	2	2	3	2	1	2	1	3	1	1	1	1	1	3	3	2
10490	1	1	1	2	1	1	2	1	2	1	2	1	1	1	1	1	3	3	2
10496	3	3	4	3	1	1	1	1	4	2	4	4	2	1	1	2	4	3	4
10498	2	3	2	4	3	2	4	4	1	2	4	4	2	2	2	2	3	3	2
10581	1	1	2	2	1	1	1	1	1	1	1	1	2	1	1	1	4	4	1
10590	2	2	2	2	2	1	3	2	2	2	2	2	2	1	2	1	3	3	1
10631	1	1	2	3	2	1	3	4	3	3	2	2	2	1	1	1	2	3	1
10685	1	1	1	2	1	1	1	1	1	1	1	3	2	1	1	1	4	4	3
10687	1	1	1	2	1	1	1	1	1	1	1	2	2	1	1	1	4	4	2
10692	3	2	3	2	3	4	3	2	1	2	1	1	1	1	1	1	4	4	2
10700	3	1	1	1	1	2	4	1	3	3	4	2	4	1	1	1	3	3	2
10721	3	2	2	2	3	2	2	3	2	2	1	1	1	1	1	1	2	3	2
10776	3	2	2	2	4	4	2	2	1	3	3	3	4	1	1	1	3	3	2
10780	1	1	2	2	3	3	3	2	2	2	3	2	2	2	2	1	3	3	1
10812	1	1	3	2	3	2	3	2	3	2	2	2	2	1	1	1	4	4	1
10834	2	2	2	3	4	2	3	1	4	2	2	3	1	1	2	2	2	2	2
10873	2	3	2	4	2	2	4	3	2	3	3	3	1	2	2	99	3	3	2
10879	1	1	1	3	1	1	4	2	4	2	1	1	1	1	2	2	3	4	1
10882	2	2	2	3	2	3	4	1	3	3	4	3	3	1	1	3	3	3	2
10896	1	2	4	4	2	4	2	2	2	2	3	2	1	1	2	2	2	3	2
10968	3	2	2	2	3	3	2	2	2	2	2	2	2	1	1	1	3	2	2
11025	2	2	2	2	1	2	2	2	2	1	2	1	1	1	1	1	3	3	2
11030	1	1	2	2	1	1	1	2	2	1	1	2	2	1	1	1	4	4	2
11043	2	2	1	3	2	1	1	1	1	1	2	3	2	1	4	3	3	4	2
11063	2	2	3	3	2	1	3	2	3	3	3	2	3	3	1	1	2	2	1
11106	1	1	1	3	1	1	1	1	1	1	1	1	1	1	2	1	4	4	2
11108	3	1	3	4	1	2	3	2	1	2	3	2	2	2	1	2	4	3	2
11127	1	1	2	2	1	2	1	1	1	1	2	2	1	1	3	1	4	3	4
11146	2	1	4	1	1	2	3	4	1	1	4	1	1	1	1	1	4	4	1
11154	2	2	4	4	3	4	4	4	4	4	2	4	1	1	1	1	2	2	3
11177	2	2	2	2	4	4	3	3	2	2	3	3	2	2	1	1	3	3	1
11282	3	2	2	2	1	1	2	2	1	1	3	2	1	1	2	1	4	4	3
11300	3	2	3	3	4	3	4	4	4	4	4	2	1	3	2	3	3	4	1
11329	3	1	1	3	2	2	1	1	1	1	1	1	1	1	1	1	3	4	2
11340	1	1	99	99	1	1	99	3	99	99	1	2	99	1	1	1	3	3	2
11404	1	1	3	1	2	1	1	1	1	1	3	1	1	2	1	1	4	4	1
11419	2	2	3	3	2	2	2	2	2	2	3	2	2	2	2	1	3	3	1
11450	3	2	3	2	2	2	3	2	2	3	1	1	2	2	1	1	1	3	1
11466	2	2	4	3	1	2	4	3	1	3	3	2	2	2	2	2	2	3	1
11485	2	2	2	4	3	1	2	2	2	2	4	3	1	2	2	2	4	3	1
11529	2	2	2	3	2	2	2	2	4	2	2	1	1	1	3	2	2	3	2
11534	1	1	1	3	1	1	1	1	1	1	1	1	1	1	1	1	4	4	3
11548	2	1	3	2	2	2	2	2	1	3	3	3	3	1	1	1	3	4	2
11567	2	1	1	1	1	2	2	2	1	1	2	2	1	2	1	1	3	4	2
11601	1	1	4	4	1	2	1	1	1	1	4	1	3	2	3	3	3	3	2
11622	1	1	1	1	1	1	2	1	1	2	2	2	2	1	1	1	3	3	2
11651	2	2	4	3	1	2	4	4	2	2	4	4	2	2	1	1	2	2	1
11656	2	2	2	2	4	2	4	1	1	3	4	3	3	2	2	1	3	2	2
11682	2	2	2	2	1	2	2	1	2	2	2	2	2	2	2	1	3	3	2
11715	1	1	1	3	1	2	1	2	2	1	2	1	1	1	1	2	3	4	1
11732	3	2	3	3	2	3	3	3	2	2	2	2	2	2	3	3	3	3	2
11756	1	1	3	1	4	1	4	1	1	1	4	1	1	1	1	1	4	1	1
11771	1	1	1	4	1	1	1	1	1	1	1	4	3	1	1	1	4	4	2
11795	1	1	1	1	1	1	1	1	1	1	4	1	1	1	4	1	4	4	4
11851	2	1	2	2	1	1	1	2	2	1	4	2	2	1	1	1	3	4	2
11904	4	3	1	3	3	1	4	1	2	3	3	2	2	1	1	1	4	2	2
11919	3	3	2	2	3	3	2	2	2	2	3	4	3	1	2	2	4	3	3
11979	2	2	3	3	3	2	3	3	3	3	1	3	1	1	1	1	3	3	3
12019	2	2	2	2	2	2	3	2	3	1	2	3	2	2	2	2	4	4	3
12045	1	1	2	4	1	1	1	2	1	1	3	1	1	1	1	1	4	4	2
12128	4	2	2	2	3	2	4	4	4	4	4	4	3	2	3	4	3	3	2
12134	2	2	3	2	2	2	3	3	3	3	4	3	2	1	3	2	2	3	2
12144	1	1	1	1	1	1	1	1	1	1	1	1	1	1	1	1	4	4	2
12153	3	2	1	2	3	4	3	2	3	2	2	2	3	2	2	2	3	3	1
12163	2	1	1	3	1	1	2	1	2	1	3	3	3	1	1	1	4	4	2
12191	4	2	2	2	3	4	4	2	2	2	1	1	2	2	2	1	4	2	1
12227	1	1	1	1	1	1	4	4	1	4	1	1	2	1	3	4	4	4	1
12250	2	2	3	2	2	2	3	99	3	3	3	3	3	2	2	2	2	2	2
12274	3	2	2	2	3	2	3	2	3	2	3	3	2	2	3	2	2	2	2
12311	3	2	3	2	2	2	3	2	2	2	3	3	2	2	2	2	2	2	3
12312	1	1	3	3	1	2	3	2	2	2	3	2	2	1	1	1	3	2	2
12366	4	3	4	2	4	3	3	3	4	3	3	3	3	3	3	3	4	2	1
12397	4	3	2	2	1	1	2	2	3	3	3	4	2	2	2	2	2	2	2
12440	2	2	3	3	3	3	3	2	2	3	3	3	1	1	2	1	2	2	1
12441	2	1	1	1	1	1	2	1	2	3	1	1	1	2	3	1	2	4	1
12460	2	2	1	1	1	1	2	1	1	1	2	2	2	1	1	1	4	3	2
12504	1	1	2	1	1	1	2	2	2	2	1	2	1	1	2	1	3	3	2
12584	1	1	2	2	4	4	3	2	3	2	1	1	1	1	2	2	2	1	1
12632	4	1	4	2	2	1	4	4	4	4	4	4	1	1	99	1	1	2	1
12643	1	1	2	2	2	2	2	1	2	2	1	2	2	1	1	1	3	4	2
12656	1	1	1	1	1	1	1	1	1	1	1	1	1	1	1	1	4	4	2
12712	2	2	3	3	2	3	3	2	2	3	3	3	2	1	2	2	2	2	2
12759	3	2	2	3	4	4	2	2	2	2	3	1	1	1	1	1	3	2	2
12812	1	1	1	1	1	2	3	2	2	2	1	1	1	1	2	1	2	2	2
12824	1	1	2	2	1	2	2	1	1	1	1	2	2	1	1	1	4	3	2
12838	2	2	2	3	1	1	1	1	2	2	2	1	1	1	2	2	3	3	2
12883	3	3	1	3	1	4	2	2	2	2	3	2	1	2	1	2	3	2	2
12885	3	2	2	2	2	2	3	2	2	3	3	3	1	1	2	1	2	2	2
12911	3	2	4	2	4	3	2	2	3	2	4	1	1	1	2	1	3	3	1
12914	2	2	2	2	2	2	2	2	2	2	3	2	2	1	1	1	3	3	1
12935	2	1	99	1	1	1	3	2	2	2	2	2	4	1	1	1	4	4	1
12941	1	1	2	3	1	1	2	2	3	1	2	2	2	1	1	1	3	3	2
12964	1	1	1	2	1	2	2	1	3	2	3	3	1	1	2	3	3	3	2
12989	2	2	2	3	2	2	2	2	2	2	3	3	2	2	1	1	3	3	3
13038	1	1	2	2	1	2	2	2	2	2	3	2	1	1	1	1	4	4	2
13118	2	2	1	1	2	2	2	2	99	99	1	1	1	1	1	1	3	3	2
13127	3	3	4	3	2	3	3	2	1	2	2	3	2	3	2	2	3	3	2
13142	1	1	2	2	2	1	1	1	1	1	1	1	1	1	1	1	3	3	2
13177	1	1	3	3	1	1	4	2	3	2	3	1	1	1	1	1	3	4	3
13195	1	1	2	2	1	1	4	2	3	2	2	4	1	1	1	2	2	2	1
13196	1	1	1	3	1	1	2	1	2	1	3	3	1	1	1	1	3	3	2
13218	3	3	1	1	1	2	1	1	1	1	2	1	1	1	1	1	3	3	2
13238	1	1	4	3	1	1	4	3	3	2	3	4	4	2	1	1	3	4	2
13244	3	2	2	2	3	3	3	2	3	2	3	3	2	2	2	1	2	2	2
13252	2	3	4	3	4	4	4	2	3	3	4	4	3	2	4	3	2	2	2
13298	3	3	2	2	4	1	2	4	3	3	3	3	2	3	2	2	1	2	1
13328	1	1	1	2	1	1	1	1	2	1	1	2	2	1	1	1	3	3	2
13406	1	1	2	3	1	2	2	2	2	2	3	3	2	1	2	2	99	4	2
13433	1	1	2	1	1	1	1	1	1	1	2	2	2	1	1	99	4	4	3
13443	2	2	3	2	2	1	2	1	2	2	3	3	2	1	1	1	3	3	2
13472	2	1	1	3	1	3	1	2	1	1	3	2	1	1	1	1	4	3	1
13498	2	2	2	2	3	4	3	2	2	2	3	3	3	1	2	2	4	3	2
13499	1	1	2	2	1	2	2	1	2	1	2	1	2	1	1	1	3	3	2
13546	1	1	4	2	1	2	2	2	1	1	4	2	2	2	1	1	4	3	2
13593	2	1	2	3	1	1	2	1	1	1	3	2	3	1	1	1	3	3	2
13605	2	2	2	3	1	2	2	2	3	2	3	3	2	2	3	3	2	3	1
13635	3	4	1	2	3	4	4	4	3	4	4	4	4	3	1	4	3	3	1
13637	4	2	2	3	3	3	3	2	3	3	2	3	3	2	3	3	2	2	2
13665	1	1	2	2	3	2	3	2	99	2	1	2	1	1	2	2	4	3	1
13686	2	2	4	2	1	1	2	2	1	2	1	1	1	1	2	1	3	3	2
13695	3	2	2	2	1	1	3	1	3	2	1	2	2	1	1	1	2	3	2
13701	2	2	3	4	1	3	2	1	2	1	2	2	1	1	2	2	4	4	2
13708	1	1	1	2	1	1	1	1	1	1	1	1	1	1	2	2	4	4	2
13725	2	1	2	3	1	1	3	2	1	1	2	1	1	1	1	1	4	3	2
13777	4	2	2	4	1	2	4	2	4	2	4	4	2	1	4	2	4	4	2
13787	1	1	2	2	1	2	2	2	2	2	2	2	2	2	2	2	3	2	2
13822	3	1	3	2	4	1	3	3	3	2	3	3	3	1	2	1	2	2	2
13831	2	1	1	2	1	1	1	2	1	2	2	1	1	1	1	1	4	3	2
13840	1	1	1	1	1	1	1	1	3	1	3	2	2	1	1	1	3	4	1
13954	2	1	1	1	3	2	2	2	2	2	3	3	2	1	1	1	3	3	2
13959	1	1	2	1	1	1	2	1	1	1	2	2	2	1	1	1	4	3	2
13982	3	3	3	3	2	3	3	2	3	3	3	3	4	1	4	4	3	2	2
14035	1	1	2	2	1	1	1	1	1	1	3	1	1	1	1	1	3	3	2
14039	2	1	2	3	2	1	2	1	2	1	2	1	1	1	1	1	3	3	2
14043	99	2	1	3	2	1	2	2	1	1	2	1	1	1	1	1	4	3	2
14053	2	2	2	2	3	2	3	2	4	2	2	2	2	1	2	1	1	2	3
14095	3	2	3	2	2	2	2	3	1	3	2	2	3	2	2	2	4	4	2
14125	2	1	2	3	4	2	3	2	2	4	2	3	1	1	4	3	2	3	2
14139	2	1	3	2	2	1	2	2	2	2	2	2	1	2	2	1	3	3	2
14148	1	1	1	2	2	3	1	1	1	2	1	3	1	1	1	1	4	4	3
14169	1	1	2	2	1	1	2	2	1	1	2	3	2	1	1	1	3	3	1
14175	3	1	1	1	1	1	3	2	4	3	2	4	4	1	2	1	3	4	2
14203	2	2	2	3	2	2	2	1	2	1	3	3	2	2	1	2	2	2	1
14215	2	2	4	4	1	2	2	2	1	1	3	2	2	2	1	1	4	4	3
14216	1	1	1	3	1	1	2	2	1	2	2	2	2	1	1	1	3	3	2
14229	2	2	3	2	2	2	3	2	2	2	3	4	3	3	2	2	4	4	3
14243	2	1	3	2	4	2	2	2	2	2	4	1	1	1	3	2	4	3	2
14271	1	2	4	4	4	3	2	2	1	1	4	2	1	1	2	2	2	4	2
14317	1	1	1	2	1	1	1	2	1	1	2	2	1	1	1	1	3	4	1
14345	1	1	2	3	1	2	1	1	1	1	2	2	3	1	1	1	4	4	2
14366	1	1	2	1	4	4	3	1	3	2	1	2	2	1	1	1	3	3	2
14401	2	3	3	3	4	3	2	1	1	1	2	1	1	1	1	2	4	4	2
14406	3	2	4	4	1	1	3	3	3	3	3	3	99	1	1	1	4	4	3
14409	3	2	2	3	2	3	2	2	2	2	2	3	1	1	3	1	3	3	2
14422	3	2	1	2	4	4	1	1	1	1	3	4	1	1	1	99	3	4	4
14427	1	3	4	4	1	1	1	2	1	1	2	2	1	1	1	1	1	3	2
14465	1	1	2	2	2	2	1	1	2	2	2	2	1	1	2	2	3	4	3
14466	3	2	3	2	1	1	2	3	3	2	4	4	1	1	1	2	2	4	2
14467	2	2	1	3	1	1	2	1	1	1	3	2	2	1	1	1	4	4	2
14471	3	3	2	3	2	3	4	3	3	3	3	4	2	2	4	4	3	4	2
14494	1	1	2	1	1	2	2	1	1	1	1	1	1	1	1	1	4	4	1
14506	2	2	2	3	2	2	2	2	1	2	3	2	2	2	2	2	3	3	2
14510	1	1	4	2	1	2	2	1	1	1	1	1	1	1	2	1	4	3	1
14535	2	2	4	3	2	1	3	3	4	2	3	3	2	2	3	2	2	3	2
14546	2	2	2	3	1	1	2	2	2	2	3	1	1	1	2	1	2	2	3
14566	2	2	1	2	2	2	2	1	2	2	1	1	2	1	1	1	3	3	2
14606	2	2	2	2	2	2	3	3	2	3	1	1	1	1	2	2	3	2	2
14615	2	2	2	2	2	2	3	1	3	99	3	3	2	2	2	2	1	2	2
14629	1	1	2	2	3	3	2	2	3	1	4	1	1	1	1	1	3	4	2
14664	2	2	2	2	1	2	2	2	2	2	2	2	2	2	2	2	4	3	1
14722	3	3	2	3	2	2	2	2	1	1	3	1	1	1	1	1	3	3	1
14723	1	1	2	2	1	1	2	2	2	2	2	3	2	2	1	1	4	3	3
14767	2	1	2	1	1	1	2	1	1	2	2	2	1	1	2	1	3	4	2
14799	1	1	4	2	1	1	4	3	4	4	4	4	3	1	1	1	3	2	1
14813	2	1	3	2	2	2	3	2	2	2	2	1	2	1	2	1	3	3	1
14877	1	1	2	2	1	1	3	2	1	2	2	1	2	1	1	1	4	3	1
14981	1	1	4	3	1	1	3	2	3	2	3	3	3	3	1	1	3	3	3
14993	1	1	2	3	1	2	2	1	1	1	2	2	2	1	1	1	4	4	2
15000	2	1	1	3	1	1	3	2	2	3	3	1	1	1	1	1	2	2	2
15008	1	4	1	1	4	4	4	2	4	2	3	4	2	1	2	1	2	3	2
15104	2	1	2	99	1	2	3	1	2	2	2	2	2	4	1	1	3	4	1
15116	1	1	4	1	1	1	2	1	1	2	2	1	1	1	1	1	2	1	2
15126	3	1	3	3	3	3	3	2	2	3	3	3	1	2	2	1	2	2	2
15172	1	2	4	4	3	1	4	4	4	4	4	1	4	3	1	1	1	1	2
15180	2	2	2	99	2	99	99	99	2	2	2	2	2	2	2	99	3	3	3
15207	1	1	2	3	3	1	2	1	2	1	1	3	2	1	99	1	4	4	2
15236	3	3	3	3	1	2	4	4	4	3	4	4	4	4	99	99	4	3	1
15262	1	1	2	2	2	2	2	2	1	1	2	1	2	1	2	2	3	4	2
15268	2	2	4	2	4	4	3	3	2	3	3	4	2	2	1	1	2	3	1
15279	2	2	3	3	2	2	3	2	1	2	3	2	2	1	2	3	3	3	3
15294	3	3	2	3	3	4	4	4	4	4	3	4	4	1	4	3	2	3	2
15300	1	1	1	1	1	1	99	2	2	2	2	4	1	1	2	3	3	2	3
15307	1	1	2	2	2	2	2	1	2	2	2	2	2	1	1	1	3	3	1
15309	2	2	2	2	2	99	2	2	2	99	3	1	1	1	1	1	3	2	2
15317	1	1	2	3	2	2	2	2	2	2	1	2	2	2	2	2	3	3	2
15354	1	1	1	1	1	1	1	1	1	1	2	3	1	1	1	1	4	4	2
15432	2	1	4	2	3	2	4	4	4	4	4	4	1	2	4	2	2	2	1
15487	2	2	3	2	3	2	3	3	3	2	2	3	3	2	2	2	2	2	2
15520	1	1	1	2	1	1	1	1	1	2	2	3	2	1	1	1	3	3	1
15532	2	2	4	4	1	1	4	2	3	2	4	2	2	2	1	1	3	3	2
15552	4	99	2	1	1	2	4	2	4	4	4	4	2	3	3	1	4	4	2
15569	1	1	2	1	1	1	2	2	1	1	99	2	1	1	1	99	4	3	2
15575	2	2	2	2	3	4	2	2	2	2	1	2	1	1	3	3	3	3	2
15599	1	1	1	1	1	1	2	2	1	2	4	1	1	2	2	1	3	3	2
15605	1	1	1	2	1	1	1	1	2	1	2	1	2	1	1	1	3	3	2
15614	1	1	1	1	1	1	1	1	1	1	1	1	1	1	1	1	4	4	3
15617	3	1	1	2	1	1	2	2	3	1	3	2	1	1	1	1	3	2	4
15662	2	2	2	3	1	2	2	2	3	2	2	2	3	2	2	1	3	2	2
15699	1	1	3	2	2	2	3	2	2	2	1	1	2	1	1	1	2	2	1
15738	1	2	4	2	1	2	1	1	1	1	1	1	1	1	1	1	4	4	1
15741	2	2	2	3	2	1	2	2	2	2	2	2	1	1	1	1	3	3	2
15791	1	1	1	4	1	2	4	2	2	4	3	3	1	1	2	2	3	2	1
15921	1	1	1	2	1	1	1	1	1	1	2	1	1	1	1	1	3	3	2
15989	2	2	2	1	2	1	4	1	1	1	4	3	3	3	3	3	3	2	2
16095	1	1	2	2	1	1	2	1	2	2	2	1	2	1	1	1	3	3	2
16113	2	2	2	1	1	1	2	2	1	1	3	2	2	1	1	1	3	3	2
16166	2	2	3	2	3	1	3	2	2	2	1	3	2	1	2	1	2	2	2
16185	3	3	2	99	3	4	2	4	1	1	3	1	2	1	2	2	4	2	2
16194	1	1	1	1	1	1	1	1	1	1	1	1	1	1	1	1	4	4	3
16229	2	2	1	2	1	2	2	1	1	1	1	1	1	1	2	1	4	4	2
16244	2	2	1	1	1	1	2	1	1	1	1	1	1	1	1	1	2	3	4
16276	1	1	2	2	1	1	3	1	2	1	3	2	1	1	1	1	3	4	4
16301	2	2	2	2	2	3	2	2	2	2	3	4	2	2	3	2	3	3	1
16316	2	2	2	4	3	2	3	2	2	2	1	2	2	1	2	1	2	2	1
16397	3	1	2	3	2	1	2	2	2	2	1	3	2	1	1	1	3	3	3
16420	2	1	2	2	3	2	2	2	2	2	2	2	1	1	3	2	3	3	2
16421	3	3	4	3	2	3	3	3	3	3	2	2	2	2	2	2	2	1	2
16429	1	1	1	1	1	1	1	1	2	1	1	1	1	1	1	1	4	3	3
16460	1	1	3	3	4	1	3	3	3	4	3	2	3	4	3	4	2	3	2
16463	1	1	4	2	1	2	4	2	1	2	2	3	1	1	1	1	2	3	1
16465	2	1	2	2	2	3	1	2	1	1	1	1	2	1	1	1	4	4	4
16483	2	2	1	1	1	1	1	1	2	2	2	1	1	1	1	1	3	3	3
16510	2	2	2	3	4	3	2	3	2	2	3	3	2	1	1	1	3	3	2
16529	2	2	1	4	1	2	1	1	1	1	1	1	1	1	1	1	4	4	4
16530	2	2	2	3	2	2	2	2	1	2	3	1	1	1	1	1	4	4	3
16532	3	2	4	4	2	2	4	4	4	4	4	3	1	4	2	2	3	4	1
16534	1	1	3	3	2	1	3	1	3	2	3	1	1	1	2	1	3	4	2
16549	1	1	1	2	1	1	2	2	1	1	2	2	2	1	2	1	4	4	1
16576	3	3	3	3	2	2	3	2	3	2	3	2	2	2	1	1	3	3	1
16579	1	1	2	2	1	2	3	2	2	2	3	1	1	1	2	2	4	3	2
16669	2	2	2	1	1	1	4	4	4	4	4	4	2	4	2	2	4	4	1
16698	1	1	1	1	2	1	1	1	2	1	2	1	1	1	1	1	2	3	2
16712	3	2	2	2	3	4	4	3	3	3	3	3	2	2	1	1	2	3	2
16755	2	2	4	3	1	3	3	2	3	2	2	2	2	2	2	1	3	3	1
16782	1	1	2	2	1	2	1	1	1	1	1	1	1	1	1	1	4	3	3
16787	2	2	3	3	1	1	2	1	1	1	1	1	1	1	1	1	4	3	3
16842	1	1	2	1	1	1	2	1	2	1	2	2	1	1	2	2	3	4	2
16887	4	2	4	3	4	4	4	3	3	1	3	4	2	1	1	2	2	3	1
16933	1	1	3	3	1	1	3	2	2	2	3	2	2	1	2	1	2	3	2
16943	1	1	3	3	1	1	2	2	1	1	1	1	1	1	2	1	2	3	2
16968	1	1	1	4	2	1	1	1	1	2	1	1	3	1	1	1	4	4	2
17001	1	1	1	2	1	2	2	2	1	2	4	1	1	2	2	4	99	2	2
17083	2	2	1	1	1	1	3	2	4	2	2	4	2	1	2	1	1	2	1
17088	2	1	2	2	4	4	4	3	4	4	2	2	3	2	2	2	2	2	1
17148	1	1	2	2	1	1	3	2	2	2	3	2	2	2	2	2	3	3	1
17174	2	2	4	2	3	4	2	1	1	1	4	1	99	1	99	1	3	3	2
17268	4	2	2	3	1	1	1	1	2	1	2	2	1	1	1	1	4	4	2
17284	2	2	3	99	4	99	4	4	4	4	4	2	1	2	4	4	2	1	1
17303	1	1	1	2	1	1	2	1	2	2	3	1	1	1	1	1	2	3	1
17403	2	4	3	4	1	2	2	3	2	2	2	4	4	2	1	1	3	3	2
17416	2	1	4	4	1	1	4	2	2	2	3	3	1	1	2	1	1	3	1
17423	1	1	2	1	1	1	3	1	3	2	3	1	1	1	1	1	3	1	2
17434	2	2	3	2	2	1	3	2	2	3	3	2	2	1	1	1	3	3	1
17520	2	2	4	4	4	4	4	2	2	3	4	1	1	1	4	1	2	3	2
17533	1	1	1	3	1	2	2	2	1	2	3	2	2	1	1	3	3	3	2
17552	4	2	4	1	1	1	3	2	1	1	3	4	1	1	1	1	3	3	2
17597	2	2	2	2	3	2	2	2	2	3	2	2	2	4	2	1	4	4	2
17695	2	1	2	1	4	4	1	2	2	2	1	1	1	2	1	1	4	4	2
17696	1	1	4	1	2	1	1	2	3	4	1	1	2	1	2	1	4	4	1
17784	3	2	2	2	2	3	3	3	2	3	3	3	2	2	2	2	1	2	1
17828	1	1	1	3	1	3	2	3	2	3	3	3	2	1	3	2	2	4	2
17837	3	2	1	2	4	4	4	4	2	3	2	1	2	2	2	1	2	3	1
17924	2	2	3	3	1	2	2	2	1	2	4	3	2	3	2	1	3	3	1
17974	2	2	2	2	2	1	2	1	1	1	2	2	2	1	1	1	3	4	2
17975	1	1	3	4	3	4	2	2	3	3	2	2	1	1	2	2	1	1	4
18089	1	2	3	3	1	1	4	2	3	3	4	4	1	1	3	2	1	2	1
18103	1	3	4	4	1	1	3	3	4	2	3	4	3	1	3	1	2	2	1
18120	2	1	2	2	1	1	2	1	1	1	1	1	1	1	1	1	3	3	2
18128	4	4	1	2	4	4	99	2	2	2	2	2	2	2	1	2	2	4	2
18149	3	2	2	2	3	99	2	2	1	2	3	3	2	2	3	3	4	3	2
18226	3	1	2	3	1	1	1	1	1	1	3	1	1	1	1	1	4	4	1
18242	2	1	2	2	3	2	3	2	3	3	3	4	2	2	3	2	2	3	2
18245	2	2	2	3	1	2	2	2	3	1	2	3	2	1	2	1	4	4	3
18259	2	2	2	3	2	2	2	2	2	2	2	1	2	1	1	1	3	3	2
18308	1	1	1	1	1	1	2	2	3	2	3	2	1	1	1	1	3	3	2
18350	2	3	2	3	1	1	3	2	4	2	3	2	3	1	1	3	3	2	2
18399	1	2	3	3	1	1	2	2	2	1	2	2	2	1	2	1	4	3	1
18404	1	1	3	3	1	2	3	2	2	3	2	1	2	1	2	1	3	3	2
18405	1	1	2	2	1	1	2	1	2	1	1	2	1	1	1	1	4	3	3
18411	2	1	2	2	3	2	4	4	4	4	1	1	3	2	1	1	1	2	2
18450	99	2	4	3	2	4	2	4	3	3	3	4	2	2	2	2	3	3	2
18454	3	3	3	4	4	4	3	2	1	2	3	4	2	2	2	2	4	4	2
18479	2	2	1	1	3	1	2	2	2	1	4	3	2	1	3	2	2	4	2
18527	2	1	4	4	3	4	4	4	4	2	4	4	2	2	2	2	2	1	1
18594	1	1	2	3	1	1	1	1	1	1	1	1	1	1	1	1	3	4	2
18599	2	2	3	2	2	2	2	1	1	2	3	3	1	1	2	2	3	3	2
18637	2	1	3	3	4	4	4	4	4	4	4	4	2	4	4	4	1	2	1
18662	1	1	4	4	1	1	4	2	3	2	4	2	1	2	1	1	1	1	1
18711	2	2	2	1	2	2	4	2	1	4	4	3	2	2	2	3	99	2	1
18731	2	1	1	2	2	3	2	3	2	2	3	1	1	1	3	1	3	3	2
18744	1	1	1	3	1	2	3	2	2	2	2	3	1	1	3	1	3	4	2
18748	4	3	2	3	4	4	2	2	3	2	3	2	2	2	1	2	1	2	2
18782	1	1	4	2	1	2	1	1	1	1	3	1	1	1	1	1	4	2	3
18817	2	2	2	2	1	1	2	1	1	1	2	1	1	1	1	1	3	3	3
18839	2	1	2	2	1	1	2	1	1	1	2	2	1	1	1	1	4	4	1
18872	2	1	2	2	2	2	2	2	2	2	2	2	2	1	1	1	3	3	2
18904	1	1	1	1	1	1	3	1	2	1	1	2	1	1	1	1	2	3	2
18977	2	1	2	2	1	2	3	2	1	1	2	2	3	2	1	1	3	1	2
18996	3	3	1	2	1	2	1	1	1	1	2	1	1	1	1	1	4	3	2
19004	2	2	2	3	1	2	2	1	1	1	2	1	1	1	1	1	4	3	2
19059	1	1	2	3	1	1	3	1	2	2	1	1	1	1	1	1	4	3	2
19076	3	2	2	2	2	3	2	3	2	2	3	3	3	1	1	1	3	3	2
19149	1	1	2	2	1	2	4	2	3	2	4	2	2	1	1	1	4	3	2
19154	2	2	3	2	2	2	2	2	2	3	3	2	2	2	2	2	3	3	2
19157	2	2	1	2	1	1	1	1	2	1	2	1	2	1	2	1	4	4	3
19222	3	2	2	3	2	1	2	2	2	3	2	2	1	1	2	2	3	3	2
19238	2	2	4	4	1	1	4	4	4	4	4	4	4	2	3	2	2	2	2
19274	3	3	3	3	3	3	3	2	3	2	2	2	2	1	2	2	3	3	2
19282	2	2	2	2	2	2	2	2	2	2	1	1	1	1	1	1	4	4	3
19306	2	2	2	2	3	2	2	3	2	2	3	2	2	2	2	2	3	3	2
19381	1	1	3	4	3	3	2	1	99	1	1	1	1	1	1	1	3	4	1
19383	1	1	3	3	1	2	2	2	1	1	1	1	1	1	1	1	3	3	2
19418	2	4	4	4	1	2	2	2	1	2	4	2	2	2	2	2	4	4	2
19598	1	1	1	2	1	1	2	2	2	1	2	2	2	1	1	1	3	3	3
19643	1	1	1	3	3	4	3	3	1	1	3	4	1	1	1	1	4	3	1
19660	2	2	2	2	1	1	2	2	1	2	4	4	2	1	3	2	4	4	2
19679	3	3	2	2	3	2	3	3	3	3	99	4	2	2	2	2	2	2	2
19707	4	2	2	2	1	2	4	2	3	3	2	2	1	3	2	3	2	1	3
19802	3	1	4	2	4	4	4	4	99	2	1	1	1	1	1	1	2	99	1
19810	1	1	1	3	2	1	2	2	1	1	2	3	2	1	2	1	3	4	3
19833	1	1	4	4	1	2	3	3	3	2	2	1	2	2	1	1	1	3	3
19841	2	2	3	3	2	4	3	2	3	3	4	2	2	2	2	2	3	3	2
19937	2	2	4	4	4	4	3	3	3	3	3	1	1	2	3	1	3	3	2
19967	1	1	1	2	1	3	1	2	1	1	1	1	1	1	1	1	4	4	3
19999	1	1	2	1	1	1	2	1	1	1	2	2	2	1	1	2	3	3	3
20000	2	2	2	2	4	1	4	3	3	3	3	2	2	1	3	1	3	1	1
20015	3	3	4	4	1	4	4	2	3	2	4	1	4	1	1	1	4	4	2
20016	1	1	4	4	1	2	4	2	1	2	4	4	4	4	2	4	4	4	2
20046	2	2	2	2	1	2	4	4	4	4	2	2	3	4	2	2	2	1	2
20075	1	1	3	4	1	1	1	2	1	1	1	2	1	1	2	1	4	4	2
20091	2	2	3	3	2	2	3	2	1	3	2	2	2	2	2	1	3	3	1
20208	2	1	4	4	1	2	2	2	2	2	2	1	2	1	2	2	4	3	3
20272	1	1	2	2	1	1	1	2	1	1	1	1	1	1	1	1	3	3	2
20291	1	1	2	3	2	1	4	2	3	4	3	2	2	1	1	1	2	2	2
20311	1	1	1	1	1	1	3	3	3	1	1	1	1	1	1	1	4	4	2
20359	2	2	3	2	2	2	3	2	2	2	2	2	1	2	3	2	2	3	1
20363	2	2	4	2	2	2	4	2	3	2	1	1	2	3	3	1	3	3	2
20397	3	1	1	4	1	1	4	1	4	4	1	1	1	2	1	1	1	1	1
20468	2	2	4	4	1	1	2	2	2	2	2	1	1	1	2	2	4	4	1
20476	4	2	2	2	1	2	1	1	2	2	2	2	2	1	1	3	4	4	1
20602	1	1	2	1	1	1	3	2	1	1	2	1	1	1	1	1	4	4	3
20646	4	4	2	1	4	4	3	3	99	3	2	2	2	2	1	2	3	4	2
20647	1	1	4	4	4	4	99	99	2	99	1	1	1	1	1	1	4	4	3
20666	1	1	2	2	1	1	1	1	1	1	2	2	1	1	1	1	4	3	2
20686	1	1	2	2	1	2	3	3	2	2	1	1	2	1	1	1	3	4	2
20711	1	1	1	1	1	1	2	1	2	2	3	2	2	1	1	1	4	3	3
20764	2	2	3	4	4	2	4	4	3	2	4	4	2	2	2	2	3	2	1
20775	2	1	2	2	1	1	2	2	2	2	2	2	1	1	1	1	3	4	2
20787	2	2	2	2	3	4	2	2	2	2	4	2	2	2	2	1	4	4	4
20794	2	1	2	3	4	2	2	2	3	3	1	1	1	1	1	1	3	4	2
20803	1	1	2	3	1	2	99	1	3	2	99	2	1	1	2	1	3	3	3
20899	2	2	1	1	1	1	3	2	2	3	1	2	2	1	1	1	4	3	2
21015	1	1	2	2	1	1	3	2	3	2	1	2	2	1	1	1	3	2	2
21028	2	2	2	2	1	2	4	2	2	2	2	4	2	4	1	1	4	4	1
21042	1	1	1	1	1	1	1	1	1	1	1	1	1	1	1	1	3	4	2
21057	3	1	1	1	1	1	1	1	1	1	1	1	1	1	1	1	4	4	3
21095	1	1	1	1	1	1	4	1	1	2	4	4	2	1	1	2	4	4	3
