2 2 2 1.8975 0.7277 -0.272166666666667 1.38081075 -0.51643625
3 3 4 -0.6025 0.7277 2.06116666666667 -0.43843925 -1.24185291666667
1 2 1.5 1.8975 0.2277 -0.6055 0.43206075 -1.14893625
1 1 1.5 -0.1025 -2.2723 1.06116666666667 0.23291075 -0.108769583333333
3 3 4 -1.1025 0.7277 1.3945 -0.80228925 -1.53743625
2 2 2.5 -1.1025 0.7277 1.3945 -0.80228925 -1.53743625
1 1 1.5 1.23083333333333 -1.7723 -0.6055 -2.18140591666667 -0.745269583333333
1 1 1.5 1.23083333333333 -1.7723 -0.6055 -2.18140591666667 -0.745269583333333
1 1 1 1.23083333333333 -1.7723 -0.6055 -2.18140591666667 -0.745269583333333
1 1 2 1.23083333333333 0.7277 1.06116666666667 0.895677416666667 1.30611930555556
2 1 2.5 1.3975 0.7277 -0.6055 1.01696075 -0.84618625
3 4 3.5 -0.769166666666667 0.2277 1.72783333333333 -0.17513925 -1.32899180555556
1 1 1.5 1.56416666666667 -1.2723 -0.6055 -1.99008925 -0.947102916666666
3 3 4 0.8975 0.7277 1.3945 0.65311075 1.25156375
2 2 2 1.23083333333333 0.2277 1.06116666666667 0.28026075 1.30611930555556
1 1 1 0.8975 -2.2723 -0.6055 -2.03938925 -0.54343625
1 1 1 0.8975 -2.2723 -0.6055 -2.03938925 -0.54343625
2 2 2 0.8975 -2.2723 -0.6055 -2.03938925 -0.54343625
2 3 4 0.8975 -2.2723 -0.6055 -2.03938925 -0.54343625
1 1 1 0.8975 -2.2723 -0.6055 -2.03938925 -0.54343625
1 1 1 0.8975 -2.2723 -0.6055 -2.03938925 -0.54343625
1 1 1 0.8975 -2.2723 -0.6055 -2.03938925 -0.54343625
3 3 2 1.23083333333333 -1.2723 0.3945 -1.56598925 0.48556375
2 2 2 1.23083333333333 -1.2723 0.3945 -1.56598925 0.48556375
2 3 2.5 -0.769166666666667 0.7277 1.72783333333333 -0.559722583333333 -1.32899180555556
2 2 2.5 -0.769166666666667 0.7277 1.72783333333333 -0.559722583333333 -1.32899180555556
2 2 3.5 -0.769166666666667 0.7277 1.72783333333333 -0.559722583333333 -1.32899180555556
2 2 2 -0.769166666666667 -1.2723 0.727833333333334 0.97861075 -0.559825138888889
2 2 2.5 1.56416666666667 0.7277 0.727833333333334 1.13824408333333 1.13845263888889
2 2 2 1.56416666666667 0.7277 0.727833333333334 1.13824408333333 1.13845263888889
2 2 2.5 1.8975 0.7277 0.3945 1.38081075 0.74856375
1 3 3 1.8975 -0.7723 -0.6055 -1.46543925 -1.14893625
1 1 1 1.8975 -0.7723 -0.6055 -1.46543925 -1.14893625
2 1 2.5 0.564166666666666 0.2277 1.72783333333333 0.12846075 0.974785972222222
3 4 4 0.564166666666666 0.7277 1.72783333333333 0.410544083333333 0.974785972222222
2 2 4 1.8975 0.7277 0.0611666666666668 1.38081075 0.11606375
1 1 2 1.56416666666667 -0.7723 0.3945 -1.20800591666667 0.61706375
1 1 1.5 -0.6025 -1.7723 -0.272166666666667 1.06781075 0.163980416666667
1 1 1 1.8975 -0.7723 0.0611666666666668 -1.46543925 0.11606375
1 3 3 -1.1025 -0.2723 1.06116666666667 0.30021075 -1.16993625
1 1 2 1.8975 -0.2723 -0.6055 -0.51668925 -1.14893625
2 3 2 1.8975 -0.2723 -0.6055 -0.51668925 -1.14893625
3 2 3 1.23083333333333 0.7277 -0.6055 0.895677416666667 -0.745269583333333
2 2 99 1.23083333333333 0.7277 -0.6055 0.895677416666667 -0.745269583333333
2 2 3 1.3975 0.7277 0.727833333333334 1.01696075 1.01714708333333
1 1 1 1.56416666666667 0.2277 -0.6055 0.35616075 -0.947102916666666
1 1 1 1.8975 -0.7723 -0.272166666666667 -1.46543925 -0.51643625
3 2 3 0.8975 -0.2723 1.06116666666667 -0.24438925 0.952397083333333
2 2 3.5 0.8975 -0.2723 1.06116666666667 -0.24438925 0.952397083333333
1 1 1.5 -0.435833333333333 -1.7723 -0.6055 0.772427416666667 0.263897083333333
3 3 2.5 -0.1025 -1.2723 1.3945 0.13041075 -0.14293625
2 1 1.5 -0.1025 -2.2723 0.0611666666666668 0.23291075 -0.00626958333333335
2 2 1.5 1.56416666666667 0.7277 0.3945 1.13824408333333 0.61706375
2 3 2.5 1.56416666666667 0.7277 0.3945 1.13824408333333 0.61706375
3 2 2.5 1.56416666666667 0.7277 0.3945 1.13824408333333 0.61706375
2 2 3.5 1.8975 0.2277 0.3945 0.43206075 0.74856375
1 1 2 -0.769166666666667 -1.2723 0.0611666666666668 0.97861075 -0.0470473611111112
2 2 4 -1.1025 0.7277 1.06116666666667 -0.80228925 -1.16993625
1 1 1.5 -1.1025 0.7277 1.06116666666667 -0.80228925 -1.16993625
2 2 3.5 -1.1025 0.7277 1.06116666666667 -0.80228925 -1.16993625
3 3 3.5 -1.1025 0.7277 1.06116666666667 -0.80228925 -1.16993625
3 2 2.5 -1.1025 0.7277 1.06116666666667 -0.80228925 -1.16993625
2 2 2 -1.1025 0.7277 1.06116666666667 -0.80228925 -1.16993625
3 99 4 -1.1025 0.7277 1.06116666666667 -0.80228925 -1.16993625
4 4 4 -1.1025 0.7277 1.06116666666667 -0.80228925 -1.16993625
2 2 2 -1.1025 -0.7723 0.3945 0.85146075 -0.43493625
3 3 4 -0.769166666666667 0.2277 1.3945 -0.17513925 -1.07260291666667
2 2 2.5 1.23083333333333 0.7277 0.727833333333334 0.895677416666667 0.895841527777778
3 3 3.5 -1.1025 0.2277 1.06116666666667 -0.25103925 -1.16993625
3 3 4 -1.1025 0.2277 1.06116666666667 -0.25103925 -1.16993625
2 3 2 -1.1025 0.2277 1.06116666666667 -0.25103925 -1.16993625
2 2 3 0.8975 0.7277 1.06116666666667 0.65311075 0.952397083333333
1 1 2 -0.1025 -2.2723 -0.6055 0.23291075 0.06206375
2 1 1.5 -0.1025 -2.2723 -0.6055 0.23291075 0.06206375
1 1 1 -0.1025 -2.2723 -0.6055 0.23291075 0.06206375
1 1 1 -0.1025 -2.2723 -0.6055 0.23291075 0.06206375
2 1 1 -0.1025 -2.2723 -0.6055 0.23291075 0.06206375
1 1 1.5 -0.1025 -2.2723 -0.6055 0.23291075 0.06206375
1 4 4 -0.769166666666667 0.7277 1.3945 -0.559722583333333 -1.07260291666667
1 1 2 -1.1025 -0.7723 -0.6055 0.85146075 0.66756375
1 2 2.5 -1.1025 -0.7723 -0.6055 0.85146075 0.66756375
1 1 1 1.56416666666667 0.7277 0.0611666666666668 1.13824408333333 0.0956748611111113
1 1 1 1.56416666666667 0.7277 0.0611666666666668 1.13824408333333 0.0956748611111113
2 2 1 0.564166666666666 -2.2723 -0.272166666666667 -1.28195591666667 -0.153547361111111
1 2 1 1.23083333333333 -1.2723 -0.6055 -1.56598925 -0.745269583333333
1 2 1.5 1.23083333333333 -1.2723 -0.6055 -1.56598925 -0.745269583333333
2 2 1.5 0.8975 -1.7723 -0.272166666666667 -1.59063925 -0.244269583333333
2 1 1 0.8975 -1.7723 -0.272166666666667 -1.59063925 -0.244269583333333
1 1 1 1.3975 0.2277 -0.6055 0.31821075 -0.84618625
1 1 1 1.3975 0.2277 -0.6055 0.31821075 -0.84618625
1 1 2 -1.1025 0.7277 -0.6055 -0.80228925 0.66756375
1 2 3 -1.1025 0.7277 -0.6055 -0.80228925 0.66756375
2 2 3 -1.1025 0.7277 -0.6055 -0.80228925 0.66756375
2 2 2.5 -1.1025 0.7277 -0.6055 -0.80228925 0.66756375
2 2 2 -1.1025 0.7277 -0.6055 -0.80228925 0.66756375
1 1 3 -1.1025 0.7277 -0.6055 -0.80228925 0.66756375
1 1 3 -1.1025 0.7277 -0.6055 -0.80228925 0.66756375
2 2 3 -1.1025 0.7277 -0.6055 -0.80228925 0.66756375
2 3 3 -1.1025 0.7277 -0.6055 -0.80228925 0.66756375
2 3 3 -1.1025 0.7277 -0.6055 -0.80228925 0.66756375
3 1 4 -1.1025 0.7277 -0.6055 -0.80228925 0.66756375
1 1 1.5 -1.1025 0.7277 -0.6055 -0.80228925 0.66756375
3 4 4 -1.1025 0.7277 -0.6055 -0.80228925 0.66756375
1 1 1 -1.1025 0.7277 -0.6055 -0.80228925 0.66756375
2 2 3 -1.1025 0.7277 -0.6055 -0.80228925 0.66756375
2 2 4 -1.1025 0.7277 -0.6055 -0.80228925 0.66756375
2 2 1 -1.1025 0.7277 -0.6055 -0.80228925 0.66756375
99 99 3 -1.1025 0.7277 -0.6055 -0.80228925 0.66756375
99 1 1 0.8975 -1.7723 -0.6055 -1.59063925 -0.54343625
2 2 1.5 0.8975 -1.7723 -0.6055 -1.59063925 -0.54343625
1 2 1 0.8975 -1.7723 -0.6055 -1.59063925 -0.54343625
1 2 1 0.8975 -1.7723 -0.6055 -1.59063925 -0.54343625
1 1 1 0.8975 -1.7723 -0.6055 -1.59063925 -0.54343625
1 1 1 0.564166666666666 -2.2723 -0.6055 -1.28195591666667 -0.341602916666667
1 1 1.5 0.564166666666666 -2.2723 -0.6055 -1.28195591666667 -0.341602916666667
2 2 4 -0.1025 0.7277 1.8945 -0.07458925 -0.19418625
1 1 1.5 1.23083333333333 -1.2723 -0.272166666666667 -1.56598925 -0.334991805555556
1 1 1 1.23083333333333 -1.2723 -0.272166666666667 -1.56598925 -0.334991805555556
3 3 4 0.230833333333333 0.7277 1.72783333333333 0.167977416666667 0.398841527777778
1 2 2 1.23083333333333 -0.7723 0.3945 -0.950572583333333 0.48556375
1 1 2 1.23083333333333 -0.7723 0.3945 -0.950572583333333 0.48556375
3 2 3 1.23083333333333 0.2277 0.727833333333334 0.28026075 0.895841527777778
1 1 1 1.56416666666667 -0.2723 -0.6055 -0.425922583333333 -0.947102916666666
1 1 1 1.56416666666667 -0.2723 -0.6055 -0.425922583333333 -0.947102916666666
1 1 2 1.56416666666667 -0.2723 0.3945 -0.425922583333333 0.61706375
1 1 1.5 -0.6025 -1.2723 -0.6055 0.76656075 0.36481375
4 2 4 1.23083333333333 0.7277 -0.272166666666667 0.895677416666667 -0.334991805555556
2 3 2.5 1.23083333333333 0.7277 -0.272166666666667 0.895677416666667 -0.334991805555556
2 2 2 -1.1025 -0.7723 0.0611666666666668 0.85146075 -0.0674362500000002
2 1 2.5 -1.1025 -0.7723 0.0611666666666668 0.85146075 -0.0674362500000002
2 2 3 -1.1025 0.7277 0.8945 -0.80228925 -0.98618625
1 1 1 0.3975 -2.2723 -0.6055 -0.90323925 -0.24068625
1 1 1 0.8975 0.7277 -0.6055 0.65311075 -0.54343625
3 1 3 0.8975 0.7277 -0.6055 0.65311075 -0.54343625
2 2 1.5 0.8975 0.7277 -0.6055 0.65311075 -0.54343625
3 3 3.5 0.8975 0.7277 -0.6055 0.65311075 -0.54343625
1 1 2 0.8975 0.7277 -0.6055 0.65311075 -0.54343625
2 2 1 0.8975 0.7277 -0.6055 0.65311075 -0.54343625
2 3 2 0.8975 0.7277 -0.6055 0.65311075 -0.54343625
1 1 1 0.8975 0.7277 -0.6055 0.65311075 -0.54343625
1 1 2 0.8975 0.7277 -0.6055 0.65311075 -0.54343625
2 2 2.5 0.8975 0.7277 -0.6055 0.65311075 -0.54343625
1 1 2.5 0.8975 0.7277 -0.6055 0.65311075 -0.54343625
1 1 2 0.8975 0.7277 -0.6055 0.65311075 -0.54343625
1 1 2 0.8975 0.7277 -0.6055 0.65311075 -0.54343625
1 2 2 0.8975 0.7277 -0.6055 0.65311075 -0.54343625
2 1 3 -0.6025 0.7277 1.3945 -0.43843925 -0.84018625
2 2 3 -0.1025 0.2277 1.72783333333333 -0.02333925 -0.177102916666667
1 2 2 1.23083333333333 0.2277 -0.6055 0.28026075 -0.745269583333333
1 1 3 1.23083333333333 0.2277 -0.6055 0.28026075 -0.745269583333333
1 1 1 1.23083333333333 0.2277 -0.6055 0.28026075 -0.745269583333333
1 1 1 1.23083333333333 0.2277 -0.6055 0.28026075 -0.745269583333333
2 2 1.5 1.23083333333333 0.2277 -0.6055 0.28026075 -0.745269583333333
1 1 2.5 1.8975 0.2277 0.0611666666666668 0.43206075 0.11606375
1 1 1 0.230833333333333 -2.2723 -0.6055 -0.524522583333334 -0.139769583333333
1 1 1.5 0.230833333333333 -2.2723 -0.6055 -0.524522583333334 -0.139769583333333
1 1 1 0.230833333333333 -2.2723 -0.6055 -0.524522583333334 -0.139769583333333
2 99 1.5 1.8975 -0.2723 -0.272166666666667 -0.51668925 -0.51643625
2 2 3 -1.1025 0.2277 0.8945 -0.25103925 -0.98618625
2 1 2 -0.435833333333333 -0.7723 1.06116666666667 0.336594083333333 -0.462491805555555
3 3 3 -0.1025 0.7277 1.72783333333333 -0.07458925 -0.177102916666667
1 1 1 -0.1025 0.7277 1.72783333333333 -0.07458925 -0.177102916666667
2 2 2 0.3975 -1.7723 0.3945 -0.70448925 0.15681375
3 2 2.5 -0.435833333333333 -1.2723 0.3945 0.55451075 -0.17193625
1 1 1 -0.435833333333333 -1.2723 0.3945 0.55451075 -0.17193625
1 1 1.5 -0.435833333333333 -1.2723 0.3945 0.55451075 -0.17193625
2 2 2 -0.435833333333333 -1.2723 0.3945 0.55451075 -0.17193625
2 2 2 1.23083333333333 0.7277 0.3945 0.895677416666667 0.48556375
1 1 2 1.23083333333333 0.7277 0.3945 0.895677416666667 0.48556375
1 1 1 1.3975 -0.2723 -0.6055 -0.38053925 -0.84618625
2 2 1.5 1.3975 -0.2723 -0.6055 -0.38053925 -0.84618625
2 1 2 0.564166666666666 -1.7723 0.0611666666666668 -0.999872583333333 0.0345081944444445
3 3 4 0.564166666666666 -0.2723 1.06116666666667 -0.153622583333333 0.598674861111111
2 2 2 1.23083333333333 0.7277 0.0611666666666668 0.895677416666667 0.0752859722222224
1 1 2 -0.435833333333333 -1.2723 -0.6055 0.55451075 0.263897083333333
1 1 1 -0.435833333333333 -1.2723 -0.6055 0.55451075 0.263897083333333
2 2 1 -0.435833333333333 -1.2723 -0.6055 0.55451075 0.263897083333333
2 2 2.5 -1.1025 0.7277 0.727833333333334 -0.80228925 -0.80243625
3 1 2 -1.1025 0.7277 0.727833333333334 -0.80228925 -0.80243625
4 4 4 -1.1025 0.7277 0.727833333333334 -0.80228925 -0.80243625
3 4 3 -1.1025 0.7277 0.727833333333334 -0.80228925 -0.80243625
2 2 4 -1.1025 0.7277 0.727833333333334 -0.80228925 -0.80243625
2 2 3 -1.1025 0.7277 0.727833333333334 -0.80228925 -0.80243625
3 3 3 -1.1025 0.7277 0.727833333333334 -0.80228925 -0.80243625
2 1 4 -1.1025 0.7277 0.727833333333334 -0.80228925 -0.80243625
2 1 3 -1.1025 0.7277 0.727833333333334 -0.80228925 -0.80243625
1 1 3.5 -1.1025 0.7277 0.727833333333334 -0.80228925 -0.80243625
3 2 4 -1.1025 0.7277 0.727833333333334 -0.80228925 -0.80243625
2 2 3 -1.1025 0.7277 0.727833333333334 -0.80228925 -0.80243625
2 2 2 -1.1025 0.7277 0.727833333333334 -0.80228925 -0.80243625
1 1 2 0.8975 -0.2723 0.727833333333334 -0.24438925 0.653230416666667
1 3 3.5 0.8975 0.7277 0.727833333333334 0.65311075 0.653230416666667
2 2 2.5 0.8975 0.7277 0.727833333333334 0.65311075 0.653230416666667
3 3 3 0.8975 0.7277 0.727833333333334 0.65311075 0.653230416666667
1 1 3 0.8975 0.7277 0.727833333333334 0.65311075 0.653230416666667
99 99 99 0.8975 -0.2723 0.727833333333334 -0.24438925 0.653230416666667
1 1 1 -0.1025 -1.7723 -0.6055 0.18166075 0.06206375
2 2 1 -0.1025 -1.7723 -0.6055 0.18166075 0.06206375
1 1 1 -0.1025 -1.7723 -0.6055 0.18166075 0.06206375
1 1 1.5 -0.1025 -1.7723 -0.6055 0.18166075 0.06206375
2 2 1.5 -0.1025 -1.7723 -0.6055 0.18166075 0.06206375
1 1 1.5 -0.1025 -1.7723 -0.6055 0.18166075 0.06206375
1 1 1 -0.1025 -1.7723 -0.6055 0.18166075 0.06206375
1 1 1 -0.1025 -1.7723 -0.6055 0.18166075 0.06206375
2 1 2 0.8975 -1.2723 0.0611666666666668 -1.14188925 0.0548970833333335
1 1 2 0.8975 -1.2723 0.0611666666666668 -1.14188925 0.0548970833333335
2 2 2 -1.1025 -0.2723 -0.6055 0.30021075 0.66756375
2 2 2 -1.1025 -0.2723 -0.6055 0.30021075 0.66756375
99 1 99 -1.1025 -0.2723 -0.6055 0.30021075 0.66756375
3 2 3 -1.1025 -0.2723 -0.6055 0.30021075 0.66756375
99 2 2 -1.1025 -0.2723 -0.6055 0.30021075 0.66756375
4 2 3 -1.1025 -0.2723 -0.6055 0.30021075 0.66756375
2 2 1.5 -1.1025 -0.2723 -0.6055 0.30021075 0.66756375
1 1 1 -1.1025 -0.2723 -0.6055 0.30021075 0.66756375
3 3 4 -1.1025 -0.2723 -0.6055 0.30021075 0.66756375
3 3 3.5 -0.769166666666667 0.7277 1.06116666666667 -0.559722583333333 -0.816214027777778
3 3 4 -0.769166666666667 0.7277 1.06116666666667 -0.559722583333333 -0.816214027777778
4 2 3 -0.769166666666667 0.7277 1.06116666666667 -0.559722583333333 -0.816214027777778
1 1 1 1.23083333333333 -0.7723 -0.6055 -0.950572583333333 -0.745269583333333
3 2 2.5 1.23083333333333 -0.7723 -0.6055 -0.950572583333333 -0.745269583333333
2 2 1 1.23083333333333 -0.7723 -0.6055 -0.950572583333333 -0.745269583333333
1 1 1 -0.1025 -1.7723 -0.272166666666667 0.18166075 0.0278970833333333
2 2 2 -0.1025 -1.7723 -0.272166666666667 0.18166075 0.0278970833333333
1 1 2.5 -1.1025 0.2277 -0.6055 -0.25103925 0.66756375
3 3 4 -1.1025 0.2277 -0.6055 -0.25103925 0.66756375
1 1 2.5 -1.1025 0.2277 -0.6055 -0.25103925 0.66756375
2 1 3.5 -1.1025 0.2277 -0.6055 -0.25103925 0.66756375
3 2 2 -1.1025 0.2277 -0.6055 -0.25103925 0.66756375
2 3 3 -1.1025 0.2277 -0.6055 -0.25103925 0.66756375
4 2 4 -1.1025 0.2277 -0.6055 -0.25103925 0.66756375
4 2 4 -1.1025 0.2277 -0.6055 -0.25103925 0.66756375
1 1 1.5 -1.1025 0.2277 -0.6055 -0.25103925 0.66756375
2 2 1.5 -1.1025 0.2277 -0.6055 -0.25103925 0.66756375
2 2 2 -0.435833333333333 -1.2723 0.0611666666666668 0.55451075 -0.0266584722222223
1 1 1 -0.435833333333333 -1.2723 0.0611666666666668 0.55451075 -0.0266584722222223
3 3 3 0.564166666666666 0.7277 1.06116666666667 0.410544083333333 0.598674861111111
4 2 4 -0.769166666666667 0.2277 1.06116666666667 -0.17513925 -0.816214027777778
2 3 3.5 -0.769166666666667 0.2277 1.06116666666667 -0.17513925 -0.816214027777778
1 1 2 -0.769166666666667 0.2277 1.06116666666667 -0.17513925 -0.816214027777778
3 3 3 0.230833333333333 0.7277 1.3945 0.167977416666667 0.321897083333334
4 3 3.5 0.230833333333333 0.7277 1.3945 0.167977416666667 0.321897083333334
3 3 3 0.230833333333333 0.7277 1.3945 0.167977416666667 0.321897083333334
4 4 3.5 0.230833333333333 0.7277 1.3945 0.167977416666667 0.321897083333334
1 4 3.5 -0.1025 -0.2723 1.3945 0.02791075 -0.14293625
1 1 3 -1.1025 0.7277 -0.272166666666667 -0.80228925 0.30006375
2 2 1.5 -1.1025 0.7277 -0.272166666666667 -0.80228925 0.30006375
4 4 4 -1.1025 0.7277 -0.272166666666667 -0.80228925 0.30006375
2 2 2 -1.1025 0.7277 -0.272166666666667 -0.80228925 0.30006375
1 1 2 -1.1025 0.7277 -0.272166666666667 -0.80228925 0.30006375
1 1 2.5 -1.1025 0.7277 -0.272166666666667 -0.80228925 0.30006375
2 2 2 -1.1025 0.7277 -0.272166666666667 -0.80228925 0.30006375
2 2 3 -1.1025 0.7277 -0.272166666666667 -0.80228925 0.30006375
4 3 3 -1.1025 0.7277 -0.272166666666667 -0.80228925 0.30006375
2 2 4 -1.1025 0.7277 -0.272166666666667 -0.80228925 0.30006375
1 1 2 -1.1025 0.7277 -0.272166666666667 -0.80228925 0.30006375
2 2 1.5 -0.435833333333333 -1.2723 -0.272166666666667 0.55451075 0.118619305555556
2 2 1 -0.435833333333333 -1.2723 -0.272166666666667 0.55451075 0.118619305555556
2 2 2 -0.435833333333333 -1.2723 -0.272166666666667 0.55451075 0.118619305555556
2 2 2.5 -0.1025 -1.2723 0.727833333333334 0.13041075 -0.0746029166666667
2 2 2 -0.1025 -1.2723 0.727833333333334 0.13041075 -0.0746029166666667
2 99 3 -1.1025 0.7277 -0.272166666666667 -0.80228925 0.30006375
1 1 1 0.564166666666666 -1.7723 -0.6055 -0.999872583333333 -0.341602916666667
1 1 2 0.564166666666666 -1.7723 -0.6055 -0.999872583333333 -0.341602916666667
1 1 2 0.564166666666666 -1.7723 -0.6055 -0.999872583333333 -0.341602916666667
2 2 2 0.564166666666666 -1.7723 -0.6055 -0.999872583333333 -0.341602916666667
4 4 4 -0.769166666666667 0.7277 -0.6055 -0.559722583333333 0.465730416666667
2 1 4 -0.769166666666667 0.7277 -0.6055 -0.559722583333333 0.465730416666667
99 3 99 -0.769166666666667 0.7277 -0.6055 -0.559722583333333 0.465730416666667
2 2 3.5 -0.769166666666667 0.7277 -0.6055 -0.559722583333333 0.465730416666667
1 1 1 -0.769166666666667 0.7277 -0.6055 -0.559722583333333 0.465730416666667
3 3 3 -0.769166666666667 0.7277 -0.6055 -0.559722583333333 0.465730416666667
3 2 4 -0.769166666666667 0.7277 -0.6055 -0.559722583333333 0.465730416666667
2 1 2 -0.769166666666667 0.7277 -0.6055 -0.559722583333333 0.465730416666667
1 2 1.5 -0.769166666666667 0.7277 -0.6055 -0.559722583333333 0.465730416666667
2 2 4 -0.769166666666667 0.7277 -0.6055 -0.559722583333333 0.465730416666667
2 2 2.5 0.230833333333333 -1.2723 0.727833333333334 -0.29368925 0.168008194444445
1 1 1 0.8975 -1.2723 -0.6055 -1.14188925 -0.54343625
1 1 1 0.8975 -1.2723 -0.6055 -1.14188925 -0.54343625
1 1 1 0.8975 -1.2723 -0.6055 -1.14188925 -0.54343625
2 2 1.5 0.8975 -1.2723 -0.6055 -1.14188925 -0.54343625
1 1 1 0.8975 -1.2723 -0.6055 -1.14188925 -0.54343625
1 1 2 0.8975 -1.2723 -0.6055 -1.14188925 -0.54343625
1 1 1 0.8975 -1.2723 -0.6055 -1.14188925 -0.54343625
1 1 1.5 0.8975 -1.2723 -0.6055 -1.14188925 -0.54343625
2 2 2 1.56416666666667 0.2277 -0.1055 0.35616075 -0.165019583333333
1 1 1 1.23083333333333 -0.2723 -0.6055 -0.335155916666667 -0.745269583333333
3 3 3.5 1.23083333333333 -0.7723 0.0611666666666668 -0.950572583333333 0.0752859722222224
1 1 2 1.23083333333333 -0.7723 0.0611666666666668 -0.950572583333333 0.0752859722222224
3 2 3 -1.1025 0.2277 0.727833333333334 -0.25103925 -0.80243625
3 2 3 0.8975 0.2277 0.727833333333334 0.20436075 0.653230416666667
3 2 3 0.8975 0.2277 0.727833333333334 0.20436075 0.653230416666667
2 2 2 0.8975 0.2277 0.727833333333334 0.20436075 0.653230416666667
2 2 2 1.23083333333333 -0.2723 0.3945 -0.335155916666667 0.48556375
1 1 1 0.8975 -0.7723 0.3945 -0.69313925 0.35406375
1 2 2 -0.435833333333333 -0.7723 0.727833333333334 0.336594083333333 -0.317214027777778
1 1 2 0.8975 -1.2723 -0.272166666666667 -1.14188925 -0.244269583333333
2 1 1.5 0.8975 -1.2723 -0.272166666666667 -1.14188925 -0.244269583333333
1 1 2 0.8975 -1.2723 -0.272166666666667 -1.14188925 -0.244269583333333
1 1 1 0.8975 -1.2723 -0.272166666666667 -1.14188925 -0.244269583333333
2 3 2.5 0.8975 0.7277 -0.272166666666667 0.65311075 -0.244269583333333
2 2 3 0.8975 0.7277 -0.272166666666667 0.65311075 -0.244269583333333
2 3 3 0.8975 0.7277 -0.272166666666667 0.65311075 -0.244269583333333
2 2 2 0.8975 0.7277 -0.272166666666667 0.65311075 -0.244269583333333
2 1 2 0.8975 0.7277 -0.272166666666667 0.65311075 -0.244269583333333
1 1 1.5 1.56416666666667 -0.2723 -0.272166666666667 -0.425922583333333 -0.425714027777778
1 1 1 -0.769166666666667 -0.7723 0.0611666666666668 0.594027416666667 -0.0470473611111112
3 3 2.5 -0.1025 0.2277 1.3945 -0.02333925 -0.14293625
3 3 3.5 -0.1025 0.2277 1.3945 -0.02333925 -0.14293625
1 1 3 -0.1025 0.7277 1.3945 -0.07458925 -0.14293625
3 3 4 -0.1025 0.7277 1.3945 -0.07458925 -0.14293625
2 4 3 -0.1025 0.7277 1.3945 -0.07458925 -0.14293625
3 3 2.5 -0.1025 0.7277 1.3945 -0.07458925 -0.14293625
3 2 4 -0.1025 0.7277 1.3945 -0.07458925 -0.14293625
4 2 2.5 -1.1025 -0.2723 0.3945 0.30021075 -0.43493625
2 2 3.5 -1.1025 -0.2723 0.3945 0.30021075 -0.43493625
3 2 2.5 -1.1025 -0.2723 0.3945 0.30021075 -0.43493625
2 2 2.5 -1.1025 -0.2723 0.3945 0.30021075 -0.43493625
3 2 4 -1.1025 -0.2723 0.3945 0.30021075 -0.43493625
2 2 2.5 -1.1025 -0.2723 0.3945 0.30021075 -0.43493625
2 1 2.5 -1.1025 -0.2723 0.3945 0.30021075 -0.43493625
2 2 3 -1.1025 -0.2723 0.3945 0.30021075 -0.43493625
3 3 4 -0.6025 0.7277 1.06116666666667 -0.43843925 -0.639352916666667
2 2 2 -0.6025 0.7277 1.06116666666667 -0.43843925 -0.639352916666667
4 2 4 -0.6025 0.7277 1.06116666666667 -0.43843925 -0.639352916666667
2 2 3 -0.6025 0.7277 1.06116666666667 -0.43843925 -0.639352916666667
2 1 4 -0.6025 0.7277 1.06116666666667 -0.43843925 -0.639352916666667
2 2 2.5 -0.769166666666667 -0.2723 0.727833333333334 0.209444083333333 -0.559825138888889
2 2 2.5 -1.1025 0.7277 -0.1055 -0.80228925 0.11631375
3 4 4 -1.1025 0.7277 -0.1055 -0.80228925 0.11631375
1 1 2.5 -0.6025 -0.7723 0.3945 0.46531075 -0.23768625
1 1 1.5 -0.6025 -0.7723 -0.6055 0.46531075 0.36481375
2 2 2 -0.6025 -0.7723 -0.6055 0.46531075 0.36481375
2 2 1 -0.6025 -0.7723 -0.6055 0.46531075 0.36481375
1 1 1.5 -0.6025 -0.7723 -0.6055 0.46531075 0.36481375
4 3 3.5 0.3975 0.7277 1.06116666666667 0.28926075 0.42181375
2 3 2.5 0.8975 0.2277 -0.6055 0.20436075 -0.54343625
1 1 3.5 0.8975 0.2277 -0.6055 0.20436075 -0.54343625
2 2 2.5 0.8975 0.2277 -0.6055 0.20436075 -0.54343625
3 3 3.5 0.8975 0.2277 -0.6055 0.20436075 -0.54343625
2 2 2.5 0.8975 0.2277 -0.6055 0.20436075 -0.54343625
1 3 1.5 0.230833333333333 -1.7723 -0.6055 -0.409105916666667 -0.139769583333333
1 3 2.5 0.230833333333333 -1.7723 -0.6055 -0.409105916666667 -0.139769583333333
1 1 1 0.230833333333333 -1.7723 -0.6055 -0.409105916666667 -0.139769583333333
2 2 2.5 0.564166666666666 0.7277 -0.6055 0.410544083333333 -0.341602916666667
3 3 3.5 0.564166666666666 0.7277 -0.6055 0.410544083333333 -0.341602916666667
2 2 3 0.564166666666666 0.7277 -0.6055 0.410544083333333 -0.341602916666667
3 1 2 0.564166666666666 0.7277 -0.6055 0.410544083333333 -0.341602916666667
3 3 3 0.564166666666666 0.7277 -0.6055 0.410544083333333 -0.341602916666667
3 2 3 0.564166666666666 0.7277 -0.6055 0.410544083333333 -0.341602916666667
2 2 1.5 0.564166666666666 0.7277 -0.6055 0.410544083333333 -0.341602916666667
2 2 3.5 0.564166666666666 0.7277 -0.6055 0.410544083333333 -0.341602916666667
1 1 3 0.564166666666666 0.7277 -0.6055 0.410544083333333 -0.341602916666667
3 2 3 0.564166666666666 0.7277 -0.6055 0.410544083333333 -0.341602916666667
2 99 1.5 1.23083333333333 -0.7723 -0.272166666666667 -0.950572583333333 -0.334991805555556
2 2 2 1.23083333333333 -0.7723 -0.272166666666667 -0.950572583333333 -0.334991805555556
2 1 1 1.23083333333333 -0.7723 -0.272166666666667 -0.950572583333333 -0.334991805555556
1 2 1.5 0.230833333333333 -1.7723 -0.272166666666667 -0.409105916666667 -0.0628251388888889
1 1 1 0.230833333333333 -1.7723 -0.272166666666667 -0.409105916666667 -0.0628251388888889
3 1 3 -0.1025 -1.2723 0.3945 0.13041075 -0.04043625
2 2 2 -1.1025 0.7277 0.3945 -0.80228925 -0.43493625
1 3 2.5 -1.1025 0.7277 0.3945 -0.80228925 -0.43493625
2 2 3.5 -1.1025 0.7277 0.3945 -0.80228925 -0.43493625
2 2 2.5 -1.1025 0.7277 0.3945 -0.80228925 -0.43493625
2 2 3.5 -1.1025 0.7277 0.3945 -0.80228925 -0.43493625
3 3 3.5 -1.1025 0.7277 0.3945 -0.80228925 -0.43493625
2 2 2 -1.1025 0.7277 0.3945 -0.80228925 -0.43493625
2 99 2 -1.1025 0.7277 0.3945 -0.80228925 -0.43493625
4 2 3.5 -1.1025 0.7277 0.3945 -0.80228925 -0.43493625
3 99 3.5 -1.1025 0.7277 0.3945 -0.80228925 -0.43493625
4 4 4 -1.1025 0.7277 0.3945 -0.80228925 -0.43493625
2 2 2 -1.1025 0.7277 0.3945 -0.80228925 -0.43493625
3 3 3.5 -1.1025 0.7277 0.3945 -0.80228925 -0.43493625
3 3 4 -1.1025 0.7277 0.3945 -0.80228925 -0.43493625
4 3 4 -1.1025 0.7277 0.3945 -0.80228925 -0.43493625
2 1 2 -1.1025 0.7277 0.3945 -0.80228925 -0.43493625
3 3 3 -1.1025 0.7277 0.3945 -0.80228925 -0.43493625
2 3 3.5 -1.1025 0.7277 0.3945 -0.80228925 -0.43493625
99 3 2 -1.1025 0.7277 0.3945 -0.80228925 -0.43493625
3 2 3.5 -1.1025 0.7277 0.3945 -0.80228925 -0.43493625
2 3 4 -1.1025 0.7277 0.3945 -0.80228925 -0.43493625
4 4 4 -1.1025 0.7277 0.3945 -0.80228925 -0.43493625
3 2 2 0.8975 0.7277 0.3945 0.65311075 0.35406375
1 1 2.5 0.8975 0.7277 0.3945 0.65311075 0.35406375
2 2 3 0.8975 0.7277 0.3945 0.65311075 0.35406375
2 1 2.5 0.8975 0.7277 0.3945 0.65311075 0.35406375
4 3 4 0.8975 0.7277 0.3945 0.65311075 0.35406375
4 4 2.5 0.8975 0.7277 0.3945 0.65311075 0.35406375
2 3 3 0.8975 0.7277 0.3945 0.65311075 0.35406375
2 2 2 -0.6025 0.7277 -0.6055 -0.43843925 0.36481375
2 3 3 -0.6025 0.7277 -0.6055 -0.43843925 0.36481375
4 4 4 -0.6025 0.7277 -0.6055 -0.43843925 0.36481375
3 2 3 -0.6025 0.7277 -0.6055 -0.43843925 0.36481375
2 2 3.5 -0.6025 0.7277 -0.6055 -0.43843925 0.36481375
2 2 2 -0.6025 0.7277 -0.6055 -0.43843925 0.36481375
4 2 3.5 -0.6025 0.7277 -0.6055 -0.43843925 0.36481375
1 2 1 -0.6025 0.7277 -0.6055 -0.43843925 0.36481375
3 1 4 -0.6025 0.7277 -0.6055 -0.43843925 0.36481375
3 1 3.5 -0.6025 0.7277 -0.6055 -0.43843925 0.36481375
1 1 1.5 -0.6025 0.7277 -0.6055 -0.43843925 0.36481375
2 2 2.5 -0.6025 0.7277 -0.6055 -0.43843925 0.36481375
1 1 3 -0.6025 0.7277 -0.6055 -0.43843925 0.36481375
1 1 2.5 1.23083333333333 0.2277 -0.272166666666667 0.28026075 -0.334991805555556
2 2 2.5 0.230833333333333 -0.2723 1.06116666666667 -0.0628559166666667 0.244952638888889
3 1 3.5 -1.1025 0.7277 0.0611666666666668 -0.80228925 -0.0674362500000002
3 2 3 -1.1025 0.7277 0.0611666666666668 -0.80228925 -0.0674362500000002
4 2 3 -1.1025 0.7277 0.0611666666666668 -0.80228925 -0.0674362500000002
3 4 4 -1.1025 0.7277 0.0611666666666668 -0.80228925 -0.0674362500000002
2 2 4 -1.1025 0.7277 0.0611666666666668 -0.80228925 -0.0674362500000002
4 3 4 -1.1025 0.7277 0.0611666666666668 -0.80228925 -0.0674362500000002
2 4 3 -1.1025 0.7277 0.0611666666666668 -0.80228925 -0.0674362500000002
3 3 3 -1.1025 0.7277 0.0611666666666668 -0.80228925 -0.0674362500000002
2 2 2 -1.1025 0.7277 0.0611666666666668 -0.80228925 -0.0674362500000002
2 3 3 -1.1025 0.7277 0.0611666666666668 -0.80228925 -0.0674362500000002
3 3 4 -1.1025 0.7277 0.0611666666666668 -0.80228925 -0.0674362500000002
2 2 4 -1.1025 0.7277 0.0611666666666668 -0.80228925 -0.0674362500000002
4 4 4 -1.1025 0.7277 0.0611666666666668 -0.80228925 -0.0674362500000002
3 99 3 -1.1025 0.7277 0.0611666666666668 -0.80228925 -0.0674362500000002
3 3 4 -1.1025 0.7277 0.0611666666666668 -0.80228925 -0.0674362500000002
4 3 3.5 -1.1025 -0.2723 -0.272166666666667 0.30021075 0.30006375
2 2 2 -1.1025 -0.2723 -0.272166666666667 0.30021075 0.30006375
2 3 2.5 0.8975 0.7277 0.0611666666666668 0.65311075 0.0548970833333335
3 2 3 0.8975 0.7277 0.0611666666666668 0.65311075 0.0548970833333335
1 1 2 0.8975 0.7277 0.0611666666666668 0.65311075 0.0548970833333335
2 2 2.5 0.8975 0.7277 0.0611666666666668 0.65311075 0.0548970833333335
1 1 99 0.8975 0.7277 0.0611666666666668 0.65311075 0.0548970833333335
3 3 4 0.8975 0.7277 0.0611666666666668 0.65311075 0.0548970833333335
2 2 3 -0.435833333333333 0.7277 1.06116666666667 -0.317155916666667 -0.462491805555555
4 4 4 -0.435833333333333 0.7277 1.06116666666667 -0.317155916666667 -0.462491805555555
2 2 2 0.230833333333333 -1.2723 0.3945 -0.29368925 0.0910637500000001
2 2 2 0.230833333333333 -1.2723 0.3945 -0.29368925 0.0910637500000001
1 1 2.5 0.230833333333333 -1.2723 0.3945 -0.29368925 0.0910637500000001
1 1 2 0.230833333333333 -1.2723 0.3945 -0.29368925 0.0910637500000001
2 2 2 -0.6025 -0.7723 0.0611666666666668 0.46531075 -0.0368529166666668
2 1 2 -0.6025 -0.7723 -0.272166666666667 0.46531075 0.163980416666667
1 1 2.5 -0.6025 -0.7723 -0.272166666666667 0.46531075 0.163980416666667
2 2 2 -0.769166666666667 -0.2723 -0.6055 0.209444083333333 0.465730416666667
2 2 2 -0.769166666666667 -0.2723 -0.6055 0.209444083333333 0.465730416666667
2 2 1.5 -0.769166666666667 -0.2723 -0.6055 0.209444083333333 0.465730416666667
2 2 2 -0.769166666666667 -0.2723 -0.6055 0.209444083333333 0.465730416666667
2 1 1.5 -0.769166666666667 -0.2723 -0.6055 0.209444083333333 0.465730416666667
2 2 2 -0.769166666666667 -0.2723 -0.6055 0.209444083333333 0.465730416666667
2 3 2.5 -0.769166666666667 0.7277 0.727833333333334 -0.559722583333333 -0.559825138888889
4 3 3.5 -0.769166666666667 0.7277 0.727833333333334 -0.559722583333333 -0.559825138888889
3 2 3 0.564166666666666 0.7277 0.727833333333334 0.410544083333333 0.410619305555556
2 3 2.5 0.564166666666666 0.7277 0.727833333333334 0.410544083333333 0.410619305555556
3 4 4 0.564166666666666 0.7277 0.727833333333334 0.410544083333333 0.410619305555556
2 3 2 0.564166666666666 0.7277 0.727833333333334 0.410544083333333 0.410619305555556
2 1 2.5 0.564166666666666 0.7277 0.727833333333334 0.410544083333333 0.410619305555556
3 3 3.5 0.230833333333333 0.7277 1.06116666666667 0.167977416666667 0.244952638888889
3 3 4 0.230833333333333 0.7277 1.06116666666667 0.167977416666667 0.244952638888889
3 3 3.5 0.230833333333333 0.7277 1.06116666666667 0.167977416666667 0.244952638888889
2 2 2 0.564166666666666 -0.2723 0.727833333333334 -0.153622583333333 0.410619305555556
3 2 2.5 0.564166666666666 -0.2723 0.727833333333334 -0.153622583333333 0.410619305555556
1 1 2 -0.1025 -1.2723 -0.6055 0.13041075 0.06206375
1 2 1 -0.1025 -1.2723 -0.6055 0.13041075 0.06206375
2 2 2 -0.1025 -1.2723 -0.6055 0.13041075 0.06206375
1 1 1.5 -0.1025 -1.2723 -0.6055 0.13041075 0.06206375
1 1 1 -0.1025 -1.2723 -0.6055 0.13041075 0.06206375
1 1 1.5 -0.1025 -1.2723 -0.6055 0.13041075 0.06206375
1 2 1.5 -0.1025 -1.2723 -0.6055 0.13041075 0.06206375
2 1 2 -0.1025 -1.2723 -0.6055 0.13041075 0.06206375
1 1 1 -0.1025 -1.2723 -0.6055 0.13041075 0.06206375
1 1 1 -0.1025 -1.2723 -0.6055 0.13041075 0.06206375
1 1 1 -0.1025 -1.2723 -0.6055 0.13041075 0.06206375
2 1 3 -0.6025 -0.2723 0.727833333333334 0.16406075 -0.438519583333334
2 2 2 -0.769166666666667 0.2277 -0.6055 -0.17513925 0.465730416666667
2 1 2 -0.769166666666667 0.2277 -0.6055 -0.17513925 0.465730416666667
3 1 2.5 -0.769166666666667 0.2277 -0.6055 -0.17513925 0.465730416666667
99 2 3 -0.769166666666667 0.2277 -0.6055 -0.17513925 0.465730416666667
2 2 2.5 -0.1025 -0.2723 1.06116666666667 0.02791075 -0.108769583333333
3 3 3 -0.1025 -0.2723 1.06116666666667 0.02791075 -0.108769583333333
2 2 1 -0.435833333333333 -0.7723 0.3945 0.336594083333333 -0.17193625
1 1 1.5 -0.435833333333333 -0.7723 0.3945 0.336594083333333 -0.17193625
2 2 2.5 -0.435833333333333 -0.7723 0.3945 0.336594083333333 -0.17193625
1 2 3 -0.435833333333333 -0.7723 0.3945 0.336594083333333 -0.17193625
3 1 2 0.3975 0.7277 -0.6055 0.28926075 -0.24068625
2 2 2.5 0.3975 0.7277 -0.6055 0.28926075 -0.24068625
2 2 1.5 0.3975 0.7277 -0.6055 0.28926075 -0.24068625
2 2 2 0.3975 0.7277 -0.6055 0.28926075 -0.24068625
2 3 1 0.3975 0.7277 -0.6055 0.28926075 -0.24068625
1 1 3.5 0.3975 0.7277 -0.6055 0.28926075 -0.24068625
2 2 3 0.3975 0.7277 -0.6055 0.28926075 -0.24068625
1 1 1 -0.1025 -1.2723 0.0611666666666668 0.13041075 -0.00626958333333335
2 3 1.5 -0.1025 -1.2723 0.0611666666666668 0.13041075 -0.00626958333333335
1 1 2 -0.1025 -1.2723 0.0611666666666668 0.13041075 -0.00626958333333335
1 1 1 -0.1025 -1.2723 0.0611666666666668 0.13041075 -0.00626958333333335
2 3 2.5 -0.1025 -1.2723 0.0611666666666668 0.13041075 -0.00626958333333335
3 3 3.5 0.230833333333333 0.2277 1.06116666666667 0.05256075 0.244952638888889
2 2 4 0.230833333333333 0.2277 1.06116666666667 0.05256075 0.244952638888889
3 2 2.5 0.230833333333333 0.2277 1.06116666666667 0.05256075 0.244952638888889
1 1 1 -0.435833333333333 -0.7723 -0.6055 0.336594083333333 0.263897083333333
1 1 1 -0.435833333333333 -0.7723 -0.6055 0.336594083333333 0.263897083333333
2 1 2.5 -0.435833333333333 -0.7723 -0.6055 0.336594083333333 0.263897083333333
1 1 2 -0.435833333333333 -0.7723 -0.6055 0.336594083333333 0.263897083333333
2 1 1.5 -0.435833333333333 -0.7723 -0.6055 0.336594083333333 0.263897083333333
1 1 1.5 -0.435833333333333 -0.7723 -0.6055 0.336594083333333 0.263897083333333
2 2 2 -0.435833333333333 -0.7723 -0.6055 0.336594083333333 0.263897083333333
1 1 1 -0.435833333333333 -0.7723 -0.6055 0.336594083333333 0.263897083333333
2 2 2 -0.435833333333333 -0.7723 -0.6055 0.336594083333333 0.263897083333333
4 2 2.5 -0.435833333333333 -0.7723 -0.6055 0.336594083333333 0.263897083333333
2 1 1.5 0.8975 -0.7723 -0.6055 -0.69313925 -0.54343625
1 1 2 0.8975 -0.7723 -0.6055 -0.69313925 -0.54343625
1 1 1 0.8975 -0.7723 -0.6055 -0.69313925 -0.54343625
1 2 1.5 0.8975 -0.7723 -0.6055 -0.69313925 -0.54343625
2 2 1.5 0.8975 -0.7723 -0.6055 -0.69313925 -0.54343625
1 1 2 0.8975 -0.7723 -0.6055 -0.69313925 -0.54343625
1 1 1 0.8975 -0.7723 -0.6055 -0.69313925 -0.54343625
2 2 3 -1.1025 -0.2723 0.0611666666666668 0.30021075 -0.0674362500000002
2 2 3 -1.1025 -0.2723 0.0611666666666668 0.30021075 -0.0674362500000002
2 1 3 -1.1025 -0.2723 0.0611666666666668 0.30021075 -0.0674362500000002
2 2 3 -1.1025 -0.2723 0.0611666666666668 0.30021075 -0.0674362500000002
1 1 1.5 -1.1025 -0.2723 0.0611666666666668 0.30021075 -0.0674362500000002
3 2 4 -1.1025 -0.2723 0.0611666666666668 0.30021075 -0.0674362500000002
1 1 1.5 0.230833333333333 -0.7723 0.727833333333334 -0.178272583333333 0.168008194444445
2 3 3 -0.769166666666667 0.7277 -0.272166666666667 -0.559722583333333 0.209341527777778
2 2 2.5 -0.769166666666667 0.7277 -0.272166666666667 -0.559722583333333 0.209341527777778
3 3 3 -0.1025 -0.7723 0.727833333333334 0.07916075 -0.0746029166666667
2 1 1.5 -0.1025 -0.7723 0.727833333333334 0.07916075 -0.0746029166666667
3 2 2.5 -0.435833333333333 0.7277 -0.6055 -0.317155916666667 0.263897083333333
2 2 2 -0.435833333333333 0.7277 -0.6055 -0.317155916666667 0.263897083333333
3 3 4 -0.435833333333333 0.7277 -0.6055 -0.317155916666667 0.263897083333333
1 2 2.5 -0.435833333333333 0.7277 -0.6055 -0.317155916666667 0.263897083333333
4 2 4 -0.435833333333333 0.7277 -0.6055 -0.317155916666667 0.263897083333333
3 3 3 -0.435833333333333 0.7277 -0.6055 -0.317155916666667 0.263897083333333
2 2 2 -0.435833333333333 0.7277 -0.6055 -0.317155916666667 0.263897083333333
3 2 3.5 -0.435833333333333 0.7277 -0.6055 -0.317155916666667 0.263897083333333
3 2 1.5 -0.435833333333333 0.7277 -0.6055 -0.317155916666667 0.263897083333333
1 1 1 -0.435833333333333 0.7277 -0.6055 -0.317155916666667 0.263897083333333
1 1 1 -0.435833333333333 0.7277 -0.6055 -0.317155916666667 0.263897083333333
3 3 3.5 -0.435833333333333 0.7277 -0.6055 -0.317155916666667 0.263897083333333
2 2 2 -0.435833333333333 0.7277 -0.6055 -0.317155916666667 0.263897083333333
1 1 1.5 -0.435833333333333 0.7277 -0.6055 -0.317155916666667 0.263897083333333
2 2 2.5 -0.435833333333333 0.7277 -0.6055 -0.317155916666667 0.263897083333333
2 2 1.5 -0.1025 -1.2723 -0.272166666666667 0.13041075 0.0278970833333333
1 2 1 -0.1025 -1.2723 -0.272166666666667 0.13041075 0.0278970833333333
1 1 1 -0.1025 -1.2723 -0.272166666666667 0.13041075 0.0278970833333333
2 2 1 -0.1025 -1.2723 -0.272166666666667 0.13041075 0.0278970833333333
2 2 2 -0.1025 -1.2723 -0.272166666666667 0.13041075 0.0278970833333333
2 2 2 -0.1025 -1.2723 -0.272166666666667 0.13041075 0.0278970833333333
1 1 1 -0.1025 -1.2723 -0.272166666666667 0.13041075 0.0278970833333333
2 2 1 -0.1025 -1.2723 -0.272166666666667 0.13041075 0.0278970833333333
2 2 2 0.564166666666666 -1.2723 -0.6055 -0.71778925 -0.341602916666667
1 99 1 0.564166666666666 -1.2723 -0.6055 -0.71778925 -0.341602916666667
1 1 2 0.564166666666666 -1.2723 -0.6055 -0.71778925 -0.341602916666667
1 1 1 0.564166666666666 -1.2723 -0.6055 -0.71778925 -0.341602916666667
1 1 1 0.564166666666666 -1.2723 -0.6055 -0.71778925 -0.341602916666667
1 1 1 0.564166666666666 -1.2723 -0.6055 -0.71778925 -0.341602916666667
1 1 2 0.564166666666666 -1.2723 -0.6055 -0.71778925 -0.341602916666667
2 2 1.5 0.564166666666666 -1.2723 -0.6055 -0.71778925 -0.341602916666667
2 2 2 0.8975 -0.2723 -0.6055 -0.24438925 -0.54343625
2 2 1.5 0.8975 -0.2723 -0.6055 -0.24438925 -0.54343625
2 2 2 0.8975 -0.2723 -0.6055 -0.24438925 -0.54343625
1 2 2 0.8975 -0.2723 -0.6055 -0.24438925 -0.54343625
2 2 2.5 0.8975 -0.2723 -0.6055 -0.24438925 -0.54343625
1 99 1 0.8975 -0.2723 -0.6055 -0.24438925 -0.54343625
1 1 2 0.8975 -0.2723 -0.6055 -0.24438925 -0.54343625
2 2 2 0.8975 -0.2723 -0.6055 -0.24438925 -0.54343625
1 3 2 0.8975 -0.2723 -0.6055 -0.24438925 -0.54343625
1 1 1 0.8975 -0.2723 -0.6055 -0.24438925 -0.54343625
1 2 3 0.8975 -0.2723 -0.6055 -0.24438925 -0.54343625
1 1 1.5 0.8975 -0.2723 -0.6055 -0.24438925 -0.54343625
1 1 1 0.8975 -0.2723 -0.6055 -0.24438925 -0.54343625
1 2 2.5 0.8975 -0.2723 0.3945 -0.24438925 0.35406375
1 1 1.5 0.8975 -0.2723 0.3945 -0.24438925 0.35406375
2 2 2 0.8975 -0.2723 0.3945 -0.24438925 0.35406375
2 2 2.5 0.8975 -0.2723 0.3945 -0.24438925 0.35406375
2 2 3.5 -1.1025 0.2277 -0.272166666666667 -0.25103925 0.30006375
3 1 3.5 -1.1025 0.2277 -0.272166666666667 -0.25103925 0.30006375
2 2 3.5 -1.1025 0.2277 -0.272166666666667 -0.25103925 0.30006375
1 1 2 -1.1025 0.2277 -0.272166666666667 -0.25103925 0.30006375
2 1 3 -1.1025 0.2277 -0.272166666666667 -0.25103925 0.30006375
2 2 2.5 -1.1025 0.2277 -0.272166666666667 -0.25103925 0.30006375
1 1 2 0.564166666666666 0.2277 0.727833333333334 0.12846075 0.410619305555556
3 3 2 0.564166666666666 0.2277 0.727833333333334 0.12846075 0.410619305555556
2 2 3 0.564166666666666 0.2277 0.727833333333334 0.12846075 0.410619305555556
2 2 3.5 0.564166666666666 0.2277 0.727833333333334 0.12846075 0.410619305555556
2 2 2.5 0.564166666666666 0.2277 0.727833333333334 0.12846075 0.410619305555556
3 3 3 0.564166666666666 0.2277 0.727833333333334 0.12846075 0.410619305555556
1 1 2 0.8975 -0.7723 0.0611666666666668 -0.69313925 0.0548970833333335
1 1 1 0.8975 -0.7723 0.0611666666666668 -0.69313925 0.0548970833333335
2 1 2 1.23083333333333 -0.2723 0.0611666666666668 -0.335155916666667 0.0752859722222224
2 2 2.5 1.23083333333333 -0.2723 0.0611666666666668 -0.335155916666667 0.0752859722222224
4 4 4 -0.1025 0.7277 1.06116666666667 -0.07458925 -0.108769583333333
3 3 3.5 -0.1025 0.7277 1.06116666666667 -0.07458925 -0.108769583333333
3 2 3 -0.1025 0.7277 1.06116666666667 -0.07458925 -0.108769583333333
4 4 4 -0.1025 0.7277 1.06116666666667 -0.07458925 -0.108769583333333
1 1 2.5 -0.1025 0.7277 1.06116666666667 -0.07458925 -0.108769583333333
2 2 2 -0.1025 0.7277 1.06116666666667 -0.07458925 -0.108769583333333
4 3 3.5 -0.1025 0.7277 1.06116666666667 -0.07458925 -0.108769583333333
4 4 3.5 -0.1025 0.7277 1.06116666666667 -0.07458925 -0.108769583333333
3 3 3 -0.1025 0.7277 1.06116666666667 -0.07458925 -0.108769583333333
3 4 3.5 -0.1025 0.7277 1.06116666666667 -0.07458925 -0.108769583333333
2 3 4 -0.1025 0.7277 1.06116666666667 -0.07458925 -0.108769583333333
3 3 3 -0.1025 0.7277 1.06116666666667 -0.07458925 -0.108769583333333
1 1 1.5 0.3975 -1.2723 0.0611666666666668 -0.50573925 0.0243137500000001
2 3 2.5 0.564166666666666 -0.7723 0.3945 -0.435705916666667 0.22256375
1 1 2 0.564166666666666 -1.2723 -0.272166666666667 -0.71778925 -0.153547361111111
2 2 2 0.8975 0.2277 0.3945 0.20436075 0.35406375
3 1 4 0.8975 0.2277 0.3945 0.20436075 0.35406375
2 2 2 0.8975 0.2277 0.3945 0.20436075 0.35406375
2 1 3 0.8975 0.2277 0.3945 0.20436075 0.35406375
2 2 4 0.564166666666666 0.7277 -0.272166666666667 0.410544083333333 -0.153547361111111
2 2 2 0.564166666666666 0.7277 -0.272166666666667 0.410544083333333 -0.153547361111111
2 2 2 0.564166666666666 0.7277 -0.272166666666667 0.410544083333333 -0.153547361111111
2 3 3 0.564166666666666 0.7277 -0.272166666666667 0.410544083333333 -0.153547361111111
3 2 3.5 0.564166666666666 0.7277 -0.272166666666667 0.410544083333333 -0.153547361111111
2 2 2.5 0.564166666666666 0.7277 -0.272166666666667 0.410544083333333 -0.153547361111111
2 2 2.5 -1.1025 0.2277 0.3945 -0.25103925 -0.43493625
1 1 1 -1.1025 0.2277 0.3945 -0.25103925 -0.43493625
4 4 2.5 -1.1025 0.2277 0.3945 -0.25103925 -0.43493625
3 3 3 -1.1025 0.2277 0.3945 -0.25103925 -0.43493625
2 2 3 -1.1025 0.2277 0.3945 -0.25103925 -0.43493625
2 1 3 -1.1025 0.2277 0.3945 -0.25103925 -0.43493625
2 1 3 -1.1025 0.2277 0.3945 -0.25103925 -0.43493625
2 2 2 -1.1025 0.2277 0.3945 -0.25103925 -0.43493625
2 2 3 -1.1025 0.2277 0.3945 -0.25103925 -0.43493625
4 2 3 -1.1025 0.2277 0.3945 -0.25103925 -0.43493625
3 2 2 -1.1025 0.2277 0.3945 -0.25103925 -0.43493625
2 3 3 -0.6025 0.7277 0.727833333333334 -0.43843925 -0.438519583333334
1 1 4 -0.6025 0.7277 0.727833333333334 -0.43843925 -0.438519583333334
1 1 2 0.3975 0.7277 0.727833333333334 0.28926075 0.28931375
3 3 3.5 0.3975 0.7277 0.727833333333334 0.28926075 0.28931375
2 2 2 -0.6025 -0.2723 -0.6055 0.16406075 0.36481375
2 2 2.5 -0.6025 -0.2723 -0.6055 0.16406075 0.36481375
2 2 3 -0.6025 -0.2723 -0.6055 0.16406075 0.36481375
2 2 1 -0.6025 -0.2723 -0.6055 0.16406075 0.36481375
1 1 1.5 -0.1025 0.2277 1.06116666666667 -0.02333925 -0.108769583333333
3 3 2.5 -0.1025 0.2277 1.06116666666667 -0.02333925 -0.108769583333333
3 2 2 -0.1025 0.2277 1.06116666666667 -0.02333925 -0.108769583333333
2 2 3 -0.1025 0.2277 1.06116666666667 -0.02333925 -0.108769583333333
2 3 2.5 -0.1025 0.2277 1.06116666666667 -0.02333925 -0.108769583333333
2 2 2 -0.1025 0.2277 1.06116666666667 -0.02333925 -0.108769583333333
2 2 2 0.230833333333333 0.7277 -0.6055 0.167977416666667 -0.139769583333333
4 4 4 0.230833333333333 0.7277 -0.6055 0.167977416666667 -0.139769583333333
3 3 3.5 0.230833333333333 0.7277 -0.6055 0.167977416666667 -0.139769583333333
2 2 4 0.230833333333333 0.7277 -0.6055 0.167977416666667 -0.139769583333333
1 1 4 0.230833333333333 0.7277 -0.6055 0.167977416666667 -0.139769583333333
1 1 2 0.230833333333333 0.7277 -0.6055 0.167977416666667 -0.139769583333333
3 2 2 0.230833333333333 0.7277 -0.6055 0.167977416666667 -0.139769583333333
2 2 3 0.230833333333333 0.7277 -0.6055 0.167977416666667 -0.139769583333333
1 1 3 0.230833333333333 0.7277 -0.6055 0.167977416666667 -0.139769583333333
2 2 3 0.230833333333333 0.7277 -0.6055 0.167977416666667 -0.139769583333333
1 1 2 0.230833333333333 0.7277 -0.6055 0.167977416666667 -0.139769583333333
2 2 4 0.230833333333333 0.7277 -0.6055 0.167977416666667 -0.139769583333333
1 1 1.5 0.230833333333333 0.7277 -0.6055 0.167977416666667 -0.139769583333333
2 2 1.5 0.230833333333333 0.7277 -0.6055 0.167977416666667 -0.139769583333333
1 1 2.5 0.3975 -0.2723 0.727833333333334 -0.10823925 0.28931375
1 1 2 -0.435833333333333 -0.7723 0.0611666666666668 0.336594083333333 -0.0266584722222223
1 1 1.5 -0.435833333333333 -0.7723 0.0611666666666668 0.336594083333333 -0.0266584722222223
3 3 3 -0.769166666666667 -0.2723 0.3945 0.209444083333333 -0.30343625
1 1 3.5 -0.769166666666667 -0.2723 0.3945 0.209444083333333 -0.30343625
3 1 4 -0.769166666666667 -0.2723 0.3945 0.209444083333333 -0.30343625
2 2 2.5 -0.769166666666667 -0.2723 0.3945 0.209444083333333 -0.30343625
2 3 3 -0.769166666666667 -0.2723 0.3945 0.209444083333333 -0.30343625
3 3 3 -0.769166666666667 -0.2723 0.3945 0.209444083333333 -0.30343625
2 2 3 -0.769166666666667 -0.2723 0.3945 0.209444083333333 -0.30343625
3 2 3 -0.769166666666667 -0.2723 0.3945 0.209444083333333 -0.30343625
3 1 3.5 -0.435833333333333 -0.2723 0.727833333333334 0.118677416666667 -0.317214027777778
2 2 2 0.230833333333333 -1.2723 0.0611666666666668 -0.29368925 0.0141193055555556
2 2 2 0.3975 -1.2723 -0.6055 -0.50573925 -0.24068625
3 3 4 -0.769166666666667 0.7277 -0.1055 -0.559722583333333 0.0811470833333333
1 1 1.5 -0.6025 0.2277 -0.6055 -0.13718925 0.36481375
3 3 2.5 -0.1025 -0.2723 0.8945 0.02791075 -0.09168625
1 1 1.5 0.564166666666666 0.2277 -0.6055 0.12846075 -0.341602916666667
2 2 2.5 0.564166666666666 0.2277 -0.6055 0.12846075 -0.341602916666667
2 2 1.5 0.564166666666666 0.2277 -0.6055 0.12846075 -0.341602916666667
2 2 1 0.564166666666666 0.2277 -0.6055 0.12846075 -0.341602916666667
2 1 3 0.564166666666666 0.2277 -0.6055 0.12846075 -0.341602916666667
2 1 1.5 0.564166666666666 0.2277 -0.6055 0.12846075 -0.341602916666667
2 2 2 0.564166666666666 0.2277 -0.6055 0.12846075 -0.341602916666667
2 2 2.5 0.230833333333333 -1.2723 -0.6055 -0.29368925 -0.139769583333333
1 1 1.5 0.230833333333333 -1.2723 -0.6055 -0.29368925 -0.139769583333333
1 1 1 0.230833333333333 -1.2723 -0.6055 -0.29368925 -0.139769583333333
2 2 1 0.230833333333333 -1.2723 -0.6055 -0.29368925 -0.139769583333333
1 2 2 0.230833333333333 -1.2723 -0.6055 -0.29368925 -0.139769583333333
2 2 1.5 0.230833333333333 -1.2723 -0.6055 -0.29368925 -0.139769583333333
2 99 2 0.230833333333333 -1.2723 -0.6055 -0.29368925 -0.139769583333333
1 1 1.5 0.230833333333333 -1.2723 -0.6055 -0.29368925 -0.139769583333333
2 1 2 -0.6025 0.7277 -0.272166666666667 -0.43843925 0.163980416666667
2 2 3 -0.6025 0.7277 -0.272166666666667 -0.43843925 0.163980416666667
3 2 3 -0.6025 0.7277 -0.272166666666667 -0.43843925 0.163980416666667
2 2 2 -0.6025 0.7277 -0.272166666666667 -0.43843925 0.163980416666667
1 1 2 -0.6025 0.7277 -0.272166666666667 -0.43843925 0.163980416666667
2 1 1 -0.6025 0.7277 -0.272166666666667 -0.43843925 0.163980416666667
4 4 4 -0.6025 0.7277 -0.272166666666667 -0.43843925 0.163980416666667
2 2 2 0.8975 -0.7723 -0.272166666666667 -0.69313925 -0.244269583333333
1 1 1.5 0.8975 -0.7723 -0.272166666666667 -0.69313925 -0.244269583333333
2 2 2.5 0.8975 -0.7723 -0.272166666666667 -0.69313925 -0.244269583333333
1 1 2.5 0.8975 0.2277 -0.272166666666667 0.20436075 -0.244269583333333
3 2 3 0.8975 0.2277 -0.272166666666667 0.20436075 -0.244269583333333
2 2 99 -0.769166666666667 0.7277 0.3945 -0.559722583333333 -0.30343625
2 2 2 -0.769166666666667 0.7277 0.3945 -0.559722583333333 -0.30343625
2 2 2 -0.769166666666667 0.7277 0.3945 -0.559722583333333 -0.30343625
2 2 2 -0.769166666666667 0.7277 0.3945 -0.559722583333333 -0.30343625
2 2 1 0.564166666666666 0.7277 0.3945 0.410544083333333 0.22256375
2 2 2 0.564166666666666 0.7277 0.3945 0.410544083333333 0.22256375
3 3 3.5 0.564166666666666 0.7277 0.3945 0.410544083333333 0.22256375
1 1 2.5 0.564166666666666 0.7277 0.3945 0.410544083333333 0.22256375
1 1 2.5 0.564166666666666 0.7277 0.3945 0.410544083333333 0.22256375
2 1 2 0.564166666666666 0.7277 0.3945 0.410544083333333 0.22256375
99 3 3 0.564166666666666 0.7277 0.3945 0.410544083333333 0.22256375
3 2 1 -0.1025 0.7277 -0.6055 -0.07458925 0.06206375
99 99 4 -0.1025 0.7277 -0.6055 -0.07458925 0.06206375
1 1 3 -0.1025 0.7277 -0.6055 -0.07458925 0.06206375
2 2 2.5 -0.1025 0.7277 -0.6055 -0.07458925 0.06206375
2 3 4 -0.1025 0.7277 -0.6055 -0.07458925 0.06206375
4 4 4 -0.1025 0.7277 -0.6055 -0.07458925 0.06206375
2 2 2.5 -0.1025 0.7277 -0.6055 -0.07458925 0.06206375
1 1 4 -0.1025 0.7277 -0.6055 -0.07458925 0.06206375
2 2 2 -0.1025 0.7277 -0.6055 -0.07458925 0.06206375
2 2 1.5 -0.1025 0.7277 -0.6055 -0.07458925 0.06206375
2 1 2.5 -0.1025 0.7277 -0.6055 -0.07458925 0.06206375
2 2 2 -0.1025 0.7277 -0.6055 -0.07458925 0.06206375
2 1 2 -0.1025 0.7277 -0.6055 -0.07458925 0.06206375
3 3 2.5 -0.1025 0.7277 -0.6055 -0.07458925 0.06206375
2 2 2.5 -0.1025 0.7277 -0.6055 -0.07458925 0.06206375
1 1 2 -0.1025 0.7277 -0.6055 -0.07458925 0.06206375
1 3 2 -0.1025 0.7277 -0.6055 -0.07458925 0.06206375
3 2 4 -0.1025 0.7277 -0.6055 -0.07458925 0.06206375
4 2 4 -0.1025 0.7277 -0.6055 -0.07458925 0.06206375
2 2 2 -0.1025 0.7277 -0.6055 -0.07458925 0.06206375
1 1 3.5 -0.1025 0.7277 -0.6055 -0.07458925 0.06206375
2 2 3 -0.1025 0.7277 -0.6055 -0.07458925 0.06206375
4 3 4 -0.1025 0.7277 -0.6055 -0.07458925 0.06206375
3 3 4 -0.1025 0.7277 -0.6055 -0.07458925 0.06206375
3 2 3.5 -0.1025 0.7277 -0.6055 -0.07458925 0.06206375
4 4 4 -0.1025 0.7277 -0.6055 -0.07458925 0.06206375
2 1 1 -0.1025 0.7277 -0.6055 -0.07458925 0.06206375
1 2 2 -0.1025 0.7277 -0.6055 -0.07458925 0.06206375
1 2 3 -0.1025 0.7277 -0.6055 -0.07458925 0.06206375
3 2 2 -0.6025 0.2277 0.727833333333334 -0.13718925 -0.438519583333334
4 3 4 0.3975 0.2277 0.727833333333334 0.09051075 0.28931375
2 2 2.5 0.3975 0.2277 0.727833333333334 0.09051075 0.28931375
4 4 4 -0.769166666666667 0.7277 0.0611666666666668 -0.559722583333333 -0.0470473611111112
4 2 2.5 -0.769166666666667 0.7277 0.0611666666666668 -0.559722583333333 -0.0470473611111112
2 2 4 -0.769166666666667 0.7277 0.0611666666666668 -0.559722583333333 -0.0470473611111112
2 2 2.5 0.230833333333333 -1.2723 -0.272166666666667 -0.29368925 -0.0628251388888889
2 2 2 0.230833333333333 -1.2723 -0.272166666666667 -0.29368925 -0.0628251388888889
1 1 2 0.230833333333333 -1.2723 -0.272166666666667 -0.29368925 -0.0628251388888889
2 2 1.5 0.230833333333333 -1.2723 -0.272166666666667 -0.29368925 -0.0628251388888889
2 2 2 0.230833333333333 -1.2723 -0.272166666666667 -0.29368925 -0.0628251388888889
1 1 2 0.3975 -0.7723 0.3945 -0.30698925 0.15681375
2 2 2 0.3975 -0.7723 0.3945 -0.30698925 0.15681375
2 2 2.5 0.230833333333333 -0.2723 0.727833333333334 -0.0628559166666667 0.168008194444445
3 3 3.5 -0.435833333333333 0.7277 0.727833333333334 -0.317155916666667 -0.317214027777778
3 2 3.5 -0.435833333333333 0.7277 0.727833333333334 -0.317155916666667 -0.317214027777778
2 1 1.5 -0.435833333333333 0.7277 0.727833333333334 -0.317155916666667 -0.317214027777778
2 2 2.5 -0.435833333333333 0.7277 0.727833333333334 -0.317155916666667 -0.317214027777778
2 3 4 -0.435833333333333 0.7277 0.727833333333334 -0.317155916666667 -0.317214027777778
3 3 4 0.230833333333333 0.7277 0.727833333333334 0.167977416666667 0.168008194444445
3 3 3 0.230833333333333 0.7277 0.727833333333334 0.167977416666667 0.168008194444445
2 1 2 0.230833333333333 0.7277 0.727833333333334 0.167977416666667 0.168008194444445
3 2 2.5 0.230833333333333 0.7277 0.727833333333334 0.167977416666667 0.168008194444445
3 2 3.5 0.230833333333333 0.7277 0.727833333333334 0.167977416666667 0.168008194444445
2 1 3 0.564166666666666 0.7277 0.0611666666666668 0.410544083333333 0.0345081944444445
2 2 2.5 0.564166666666666 0.7277 0.0611666666666668 0.410544083333333 0.0345081944444445
1 1 2.5 0.3975 0.7277 -0.272166666666667 0.28926075 -0.10818625
1 1 2 0.3975 0.7277 -0.272166666666667 0.28926075 -0.10818625
2 2 3 0.3975 0.7277 -0.272166666666667 0.28926075 -0.10818625
3 2 3.5 0.3975 0.7277 -0.272166666666667 0.28926075 -0.10818625
4 4 4 0.3975 0.7277 -0.272166666666667 0.28926075 -0.10818625
2 2 2 -0.1025 -0.7723 0.3945 0.07916075 -0.04043625
2 2 2 -0.1025 -0.7723 0.3945 0.07916075 -0.04043625
2 2 2 -0.1025 -0.7723 0.3945 0.07916075 -0.04043625
2 2 2 -0.1025 -0.7723 0.3945 0.07916075 -0.04043625
2 2 2.5 -0.1025 -0.7723 0.3945 0.07916075 -0.04043625
1 1 2 -0.1025 -0.7723 0.3945 0.07916075 -0.04043625
2 2 2 -0.1025 -0.7723 0.3945 0.07916075 -0.04043625
2 2 2 -1.1025 0.2277 0.0611666666666668 -0.25103925 -0.0674362500000002
2 2 1 -1.1025 0.2277 0.0611666666666668 -0.25103925 -0.0674362500000002
4 2 4 -1.1025 0.2277 0.0611666666666668 -0.25103925 -0.0674362500000002
2 2 2 -1.1025 0.2277 0.0611666666666668 -0.25103925 -0.0674362500000002
1 1 1.5 -0.435833333333333 -0.2723 -0.6055 0.118677416666667 0.263897083333333
1 1 2 -0.435833333333333 -0.2723 -0.6055 0.118677416666667 0.263897083333333
1 1 2.5 -0.435833333333333 -0.2723 -0.6055 0.118677416666667 0.263897083333333
3 3 3 -0.435833333333333 -0.2723 -0.6055 0.118677416666667 0.263897083333333
1 1 1 -0.435833333333333 -0.2723 -0.6055 0.118677416666667 0.263897083333333
3 2 2 -0.435833333333333 -0.2723 -0.6055 0.118677416666667 0.263897083333333
2 1 2 -0.435833333333333 -0.2723 -0.6055 0.118677416666667 0.263897083333333
2 99 2 -0.435833333333333 -0.2723 -0.6055 0.118677416666667 0.263897083333333
2 2 4 -0.6025 -0.2723 0.3945 0.16406075 -0.23768625
2 2 2 -0.6025 -0.2723 0.3945 0.16406075 -0.23768625
4 4 3.5 -0.6025 -0.2723 0.3945 0.16406075 -0.23768625
1 1 1.5 -0.435833333333333 0.2277 -0.6055 -0.09923925 0.263897083333333
1 1 1 -0.435833333333333 0.2277 -0.6055 -0.09923925 0.263897083333333
2 2 2.5 -0.435833333333333 0.2277 -0.6055 -0.09923925 0.263897083333333
4 4 3.5 -0.1025 0.2277 0.8945 -0.02333925 -0.09168625
3 3 3 -0.1025 0.2277 0.8945 -0.02333925 -0.09168625
2 3 1.5 0.3975 0.2277 -0.6055 0.09051075 -0.24068625
1 1 4 0.3975 0.2277 -0.6055 0.09051075 -0.24068625
2 2 1.5 0.3975 0.2277 -0.6055 0.09051075 -0.24068625
1 1 2.5 0.3975 0.2277 -0.6055 0.09051075 -0.24068625
1 1 1 0.3975 0.2277 -0.6055 0.09051075 -0.24068625
1 1 3 0.3975 0.2277 -0.6055 0.09051075 -0.24068625
2 2 2 -0.1025 -0.7723 -0.6055 0.07916075 0.06206375
1 1 1.5 -0.1025 -0.7723 -0.6055 0.07916075 0.06206375
1 1 2 -0.1025 -0.7723 -0.6055 0.07916075 0.06206375
1 1 1.5 -0.1025 -0.7723 -0.6055 0.07916075 0.06206375
1 1 1.5 -0.1025 -0.7723 -0.6055 0.07916075 0.06206375
2 2 1 -0.1025 -0.7723 -0.6055 0.07916075 0.06206375
1 1 2 -0.1025 -0.7723 -0.6055 0.07916075 0.06206375
1 2 2 -0.1025 -0.7723 -0.6055 0.07916075 0.06206375
2 2 1.5 0.564166666666666 -0.7723 -0.6055 -0.435705916666667 -0.341602916666667
1 1 1.5 0.564166666666666 -0.7723 -0.6055 -0.435705916666667 -0.341602916666667
1 2 1 0.564166666666666 -0.7723 -0.6055 -0.435705916666667 -0.341602916666667
1 1 1 0.564166666666666 -0.7723 -0.6055 -0.435705916666667 -0.341602916666667
1 1 1.5 0.564166666666666 -0.7723 -0.6055 -0.435705916666667 -0.341602916666667
1 1 1 0.564166666666666 -0.7723 -0.6055 -0.435705916666667 -0.341602916666667
2 2 1.5 0.564166666666666 -0.7723 -0.6055 -0.435705916666667 -0.341602916666667
1 2 2 0.564166666666666 -0.7723 -0.6055 -0.435705916666667 -0.341602916666667
1 1 1 0.564166666666666 -0.7723 -0.6055 -0.435705916666667 -0.341602916666667
1 1 1.5 0.564166666666666 -0.7723 -0.6055 -0.435705916666667 -0.341602916666667
2 2 2.5 -0.769166666666667 -0.2723 0.0611666666666668 0.209444083333333 -0.0470473611111112
99 2 2 -0.769166666666667 -0.2723 0.0611666666666668 0.209444083333333 -0.0470473611111112
2 2 2.5 -0.769166666666667 -0.2723 0.0611666666666668 0.209444083333333 -0.0470473611111112
3 3 2 -0.769166666666667 -0.2723 0.0611666666666668 0.209444083333333 -0.0470473611111112
2 2 2.5 -0.769166666666667 -0.2723 0.0611666666666668 0.209444083333333 -0.0470473611111112
2 1 2.5 0.8975 0.2277 0.0611666666666668 0.20436075 0.0548970833333335
3 2 3 0.8975 0.2277 0.0611666666666668 0.20436075 0.0548970833333335
2 3 2 0.8975 0.2277 0.0611666666666668 0.20436075 0.0548970833333335
2 2 2 0.8975 0.2277 0.0611666666666668 0.20436075 0.0548970833333335
1 1 2 -0.1025 -0.2723 0.727833333333334 0.02791075 -0.0746029166666667
2 2 2.5 -0.435833333333333 0.7277 -0.272166666666667 -0.317155916666667 0.118619305555556
3 2 4 -0.435833333333333 0.7277 -0.272166666666667 -0.317155916666667 0.118619305555556
2 1 3.5 -0.435833333333333 0.7277 -0.272166666666667 -0.317155916666667 0.118619305555556
4 2 3.5 -0.435833333333333 0.7277 -0.272166666666667 -0.317155916666667 0.118619305555556
4 4 4 -0.435833333333333 0.7277 -0.272166666666667 -0.317155916666667 0.118619305555556
1 1 1.5 -0.435833333333333 0.7277 -0.272166666666667 -0.317155916666667 0.118619305555556
3 2 2.5 -0.435833333333333 0.7277 -0.272166666666667 -0.317155916666667 0.118619305555556
3 1 3 -0.6025 0.7277 0.3945 -0.43843925 -0.23768625
3 3 4 -0.6025 0.7277 0.3945 -0.43843925 -0.23768625
3 3 2.5 -0.6025 0.7277 0.3945 -0.43843925 -0.23768625
3 2 3 -0.6025 0.7277 0.3945 -0.43843925 -0.23768625
2 2 4 -0.6025 0.7277 0.3945 -0.43843925 -0.23768625
4 4 4 -0.6025 0.7277 0.3945 -0.43843925 -0.23768625
2 2 4 -0.6025 0.7277 0.3945 -0.43843925 -0.23768625
3 3 3.5 -0.6025 0.7277 0.3945 -0.43843925 -0.23768625
3 3 4 -0.6025 0.7277 0.3945 -0.43843925 -0.23768625
3 2 2 -0.6025 0.7277 0.3945 -0.43843925 -0.23768625
3 2 4 -0.6025 0.7277 0.3945 -0.43843925 -0.23768625
2 2 3 -0.6025 0.7277 0.3945 -0.43843925 -0.23768625
3 3 3 -0.6025 0.7277 0.3945 -0.43843925 -0.23768625
3 3 4 -0.6025 0.7277 0.3945 -0.43843925 -0.23768625
3 3 3 -0.6025 0.7277 0.3945 -0.43843925 -0.23768625
1 2 2.5 -0.6025 0.7277 0.3945 -0.43843925 -0.23768625
3 2 3.5 0.3975 0.7277 0.3945 0.28926075 0.15681375
2 2 4 0.3975 0.7277 0.3945 0.28926075 0.15681375
3 2 2 0.3975 0.7277 0.3945 0.28926075 0.15681375
2 3 4 0.3975 0.7277 0.3945 0.28926075 0.15681375
2 2 2.5 0.3975 0.7277 0.3945 0.28926075 0.15681375
3 3 3.5 -0.435833333333333 0.2277 0.727833333333334 -0.09923925 -0.317214027777778
3 2 2.5 -0.435833333333333 0.2277 0.727833333333334 -0.09923925 -0.317214027777778
4 3 3.5 -0.435833333333333 0.2277 0.727833333333334 -0.09923925 -0.317214027777778
3 1 2.5 -0.435833333333333 0.2277 0.727833333333334 -0.09923925 -0.317214027777778
1 1 2 -0.435833333333333 0.2277 0.727833333333334 -0.09923925 -0.317214027777778
3 2 2.5 0.230833333333333 0.2277 0.727833333333334 0.05256075 0.168008194444445
3 3 2.5 0.230833333333333 0.2277 0.727833333333334 0.05256075 0.168008194444445
3 3 4 0.230833333333333 0.2277 0.727833333333334 0.05256075 0.168008194444445
3 3 3.5 0.230833333333333 0.2277 0.727833333333334 0.05256075 0.168008194444445
2 2 3.5 0.230833333333333 0.2277 0.727833333333334 0.05256075 0.168008194444445
2 2 2.5 0.230833333333333 0.2277 0.727833333333334 0.05256075 0.168008194444445
3 3 2.5 0.230833333333333 0.2277 0.727833333333334 0.05256075 0.168008194444445
2 2 2.5 0.564166666666666 -0.2723 -0.6055 -0.153622583333333 -0.341602916666667
2 2 1.5 0.564166666666666 -0.2723 -0.6055 -0.153622583333333 -0.341602916666667
2 1 2 0.564166666666666 -0.2723 -0.6055 -0.153622583333333 -0.341602916666667
2 1 1.5 0.564166666666666 -0.2723 -0.6055 -0.153622583333333 -0.341602916666667
2 1 2 0.564166666666666 -0.2723 -0.6055 -0.153622583333333 -0.341602916666667
1 1 1 0.564166666666666 -0.2723 -0.6055 -0.153622583333333 -0.341602916666667
1 1 1 0.564166666666666 -0.2723 -0.6055 -0.153622583333333 -0.341602916666667
1 1 1 0.564166666666666 -0.2723 -0.6055 -0.153622583333333 -0.341602916666667
2 2 3 -0.769166666666667 0.2277 -0.272166666666667 -0.17513925 0.209341527777778
2 2 2 0.564166666666666 -0.2723 0.3945 -0.153622583333333 0.22256375
2 2 2.5 0.564166666666666 -0.2723 0.3945 -0.153622583333333 0.22256375
2 2 2 0.564166666666666 -0.2723 0.3945 -0.153622583333333 0.22256375
2 2 4 0.564166666666666 -0.2723 0.3945 -0.153622583333333 0.22256375
3 1 2.5 0.564166666666666 -0.2723 0.3945 -0.153622583333333 0.22256375
2 2 2 0.564166666666666 -0.2723 0.3945 -0.153622583333333 0.22256375
2 2 1.5 0.564166666666666 -0.2723 0.3945 -0.153622583333333 0.22256375
1 1 1.5 0.564166666666666 -0.2723 0.3945 -0.153622583333333 0.22256375
1 1 1 0.564166666666666 -0.2723 0.3945 -0.153622583333333 0.22256375
2 2 3 -0.6025 0.7277 0.0611666666666668 -0.43843925 -0.0368529166666668
2 2 2.5 -0.6025 0.7277 0.0611666666666668 -0.43843925 -0.0368529166666668
3 4 4 -0.6025 0.7277 0.0611666666666668 -0.43843925 -0.0368529166666668
4 3 3.5 -0.6025 0.7277 0.0611666666666668 -0.43843925 -0.0368529166666668
3 3 3.5 -0.6025 0.7277 0.0611666666666668 -0.43843925 -0.0368529166666668
2 2 3 -0.6025 0.7277 0.0611666666666668 -0.43843925 -0.0368529166666668
2 2 3.5 -0.6025 0.7277 0.0611666666666668 -0.43843925 -0.0368529166666668
2 3 3.5 -0.6025 0.7277 0.0611666666666668 -0.43843925 -0.0368529166666668
2 2 1.5 -0.6025 0.7277 0.0611666666666668 -0.43843925 -0.0368529166666668
2 2 1 -0.6025 0.7277 0.0611666666666668 -0.43843925 -0.0368529166666668
3 3 4 -0.6025 0.7277 0.0611666666666668 -0.43843925 -0.0368529166666668
4 3 4 -0.6025 0.7277 0.0611666666666668 -0.43843925 -0.0368529166666668
3 2 4 -0.1025 0.7277 0.727833333333334 -0.07458925 -0.0746029166666667
2 3 2 -0.1025 0.7277 0.727833333333334 -0.07458925 -0.0746029166666667
4 4 3.5 -0.1025 0.7277 0.727833333333334 -0.07458925 -0.0746029166666667
3 4 4 -0.1025 0.7277 0.727833333333334 -0.07458925 -0.0746029166666667
3 2 2.5 -0.1025 0.7277 0.727833333333334 -0.07458925 -0.0746029166666667
3 2 3 -0.1025 0.7277 0.727833333333334 -0.07458925 -0.0746029166666667
2 2 2.5 -0.1025 0.7277 0.727833333333334 -0.07458925 -0.0746029166666667
3 4 3.5 -0.1025 0.7277 0.727833333333334 -0.07458925 -0.0746029166666667
2 1 2 0.8975 -0.2723 -0.272166666666667 -0.24438925 -0.244269583333333
2 2 2 0.8975 -0.2723 -0.272166666666667 -0.24438925 -0.244269583333333
2 2 2 0.8975 -0.2723 -0.272166666666667 -0.24438925 -0.244269583333333
2 1 2 0.8975 -0.2723 -0.272166666666667 -0.24438925 -0.244269583333333
1 2 1.5 0.8975 -0.2723 -0.272166666666667 -0.24438925 -0.244269583333333
2 1 1.5 0.8975 -0.2723 -0.272166666666667 -0.24438925 -0.244269583333333
1 1 1.5 0.8975 -0.2723 -0.272166666666667 -0.24438925 -0.244269583333333
2 2 1.5 0.8975 -0.2723 0.0611666666666668 -0.24438925 0.0548970833333335
2 1 1 0.8975 -0.2723 0.0611666666666668 -0.24438925 0.0548970833333335
2 2 2 0.8975 -0.2723 0.0611666666666668 -0.24438925 0.0548970833333335
2 2 2 0.8975 -0.2723 0.0611666666666668 -0.24438925 0.0548970833333335
2 1 2 0.230833333333333 0.7277 -0.272166666666667 0.167977416666667 -0.0628251388888889
2 2 3 0.230833333333333 0.7277 -0.272166666666667 0.167977416666667 -0.0628251388888889
3 2 2 0.230833333333333 0.7277 -0.272166666666667 0.167977416666667 -0.0628251388888889
2 2 1 0.230833333333333 0.7277 -0.272166666666667 0.167977416666667 -0.0628251388888889
1 1 2 0.230833333333333 0.7277 -0.272166666666667 0.167977416666667 -0.0628251388888889
4 4 4 0.230833333333333 0.7277 -0.272166666666667 0.167977416666667 -0.0628251388888889
1 3 2 0.564166666666666 -0.7723 0.0611666666666668 -0.435705916666667 0.0345081944444445
2 2 3 0.564166666666666 -0.7723 0.0611666666666668 -0.435705916666667 0.0345081944444445
2 1 2.5 -0.6025 -0.2723 -0.272166666666667 0.16406075 0.163980416666667
2 2 3 -0.6025 -0.2723 -0.272166666666667 0.16406075 0.163980416666667
2 1 3.5 -0.6025 -0.2723 -0.272166666666667 0.16406075 0.163980416666667
1 1 1.5 -0.6025 -0.2723 -0.272166666666667 0.16406075 0.163980416666667
2 2 2.5 0.3975 0.7277 0.0611666666666668 0.28926075 0.0243137500000001
3 1 2 0.3975 0.7277 0.0611666666666668 0.28926075 0.0243137500000001
1 1 2.5 0.3975 0.7277 0.0611666666666668 0.28926075 0.0243137500000001
1 1 1 0.3975 -0.7723 -0.6055 -0.30698925 -0.24068625
1 1 1 0.3975 -0.7723 -0.6055 -0.30698925 -0.24068625
4 1 3.5 0.564166666666666 0.2277 0.3945 0.12846075 0.22256375
2 2 3 0.230833333333333 0.2277 -0.6055 0.05256075 -0.139769583333333
2 2 2 0.230833333333333 0.2277 -0.6055 0.05256075 -0.139769583333333
3 1 2.5 0.230833333333333 0.2277 -0.6055 0.05256075 -0.139769583333333
1 1 2 0.230833333333333 0.2277 -0.6055 0.05256075 -0.139769583333333
1 1 2 0.230833333333333 0.2277 -0.6055 0.05256075 -0.139769583333333
1 1 1.5 0.230833333333333 0.2277 -0.6055 0.05256075 -0.139769583333333
1 1 2 0.230833333333333 0.2277 -0.6055 0.05256075 -0.139769583333333
2 2 1.5 0.230833333333333 0.2277 -0.6055 0.05256075 -0.139769583333333
2 2 2 0.230833333333333 0.2277 -0.6055 0.05256075 -0.139769583333333
3 2 3 -0.769166666666667 0.2277 0.3945 -0.17513925 -0.30343625
2 2 1.5 -0.769166666666667 0.2277 0.3945 -0.17513925 -0.30343625
3 2 2.5 -0.769166666666667 0.2277 0.3945 -0.17513925 -0.30343625
3 3 3 -0.769166666666667 0.2277 0.3945 -0.17513925 -0.30343625
2 2 2 -0.769166666666667 0.2277 0.3945 -0.17513925 -0.30343625
2 2 2 -0.1025 -0.7723 0.0611666666666668 0.07916075 -0.00626958333333335
2 3 2.5 -0.1025 -0.7723 0.0611666666666668 0.07916075 -0.00626958333333335
1 1 1.5 -0.1025 -0.7723 0.0611666666666668 0.07916075 -0.00626958333333335
3 2 3 -0.1025 -0.7723 0.0611666666666668 0.07916075 -0.00626958333333335
2 2 2.5 -0.1025 -0.7723 0.0611666666666668 0.07916075 -0.00626958333333335
2 2 2 -0.435833333333333 -0.2723 0.3945 0.118677416666667 -0.17193625
3 3 4 -0.435833333333333 -0.2723 0.3945 0.118677416666667 -0.17193625
2 2 2.5 -0.435833333333333 -0.2723 0.3945 0.118677416666667 -0.17193625
1 2 2 -0.435833333333333 -0.2723 0.3945 0.118677416666667 -0.17193625
2 1 2 -0.435833333333333 -0.2723 0.3945 0.118677416666667 -0.17193625
1 1 2 0.230833333333333 -0.7723 -0.6055 -0.178272583333333 -0.139769583333333
1 1 2 0.230833333333333 -0.7723 -0.6055 -0.178272583333333 -0.139769583333333
2 2 2 0.230833333333333 -0.7723 -0.6055 -0.178272583333333 -0.139769583333333
2 2 2 0.230833333333333 -0.7723 -0.6055 -0.178272583333333 -0.139769583333333
1 1 1.5 0.230833333333333 -0.7723 -0.6055 -0.178272583333333 -0.139769583333333
1 1 2 0.230833333333333 -0.7723 -0.6055 -0.178272583333333 -0.139769583333333
1 1 1 0.230833333333333 -0.7723 -0.6055 -0.178272583333333 -0.139769583333333
3 2 3 -0.1025 -0.7723 -0.272166666666667 0.07916075 0.0278970833333333
2 2 2 -0.1025 -0.7723 -0.272166666666667 0.07916075 0.0278970833333333
1 1 2 -0.1025 -0.7723 -0.272166666666667 0.07916075 0.0278970833333333
1 1 2 -0.1025 -0.7723 -0.272166666666667 0.07916075 0.0278970833333333
3 2 3 -0.1025 -0.7723 -0.272166666666667 0.07916075 0.0278970833333333
2 2 3.5 -0.1025 -0.7723 -0.272166666666667 0.07916075 0.0278970833333333
2 2 2 -0.1025 -0.7723 -0.272166666666667 0.07916075 0.0278970833333333
2 2 2 -0.1025 -0.7723 -0.272166666666667 0.07916075 0.0278970833333333
3 2 3 -0.6025 -0.2723 0.0611666666666668 0.16406075 -0.0368529166666668
2 2 3 -0.6025 -0.2723 0.0611666666666668 0.16406075 -0.0368529166666668
2 2 2 -0.6025 -0.2723 0.0611666666666668 0.16406075 -0.0368529166666668
2 3 3.5 -0.435833333333333 0.7277 0.3945 -0.317155916666667 -0.17193625
2 2 2 -0.435833333333333 0.7277 0.3945 -0.317155916666667 -0.17193625
2 2 2 -0.435833333333333 0.7277 0.3945 -0.317155916666667 -0.17193625
3 4 4 -0.435833333333333 0.7277 0.3945 -0.317155916666667 -0.17193625
4 4 2.5 -0.435833333333333 0.7277 0.3945 -0.317155916666667 -0.17193625
3 4 2.5 -0.435833333333333 0.7277 0.3945 -0.317155916666667 -0.17193625
4 1 3.5 -0.435833333333333 0.7277 0.3945 -0.317155916666667 -0.17193625
3 2 3.5 -0.435833333333333 0.7277 0.3945 -0.317155916666667 -0.17193625
3 3 4 0.230833333333333 0.7277 0.3945 0.167977416666667 0.0910637500000001
4 1 2 0.230833333333333 0.7277 0.3945 0.167977416666667 0.0910637500000001
2 2 2.5 0.230833333333333 0.7277 0.3945 0.167977416666667 0.0910637500000001
1 2 1.5 0.230833333333333 0.7277 0.3945 0.167977416666667 0.0910637500000001
3 3 3 0.230833333333333 0.7277 0.3945 0.167977416666667 0.0910637500000001
2 2 3 0.230833333333333 0.7277 0.3945 0.167977416666667 0.0910637500000001
2 2 3 -0.1025 0.2277 0.727833333333334 -0.02333925 -0.0746029166666667
2 2 2.5 -0.1025 0.2277 0.727833333333334 -0.02333925 -0.0746029166666667
2 2 2 -0.1025 0.2277 0.727833333333334 -0.02333925 -0.0746029166666667
2 3 3.5 -0.1025 0.2277 0.727833333333334 -0.02333925 -0.0746029166666667
2 2 2.5 -0.1025 0.2277 0.727833333333334 -0.02333925 -0.0746029166666667
2 1 2 -0.1025 0.2277 -0.6055 -0.02333925 0.06206375
2 2 2 -0.1025 0.2277 -0.6055 -0.02333925 0.06206375
1 1 1.5 -0.1025 0.2277 -0.6055 -0.02333925 0.06206375
2 2 2.5 -0.1025 0.2277 -0.6055 -0.02333925 0.06206375
2 2 1.5 -0.1025 0.2277 -0.6055 -0.02333925 0.06206375
2 2 2 -0.1025 0.2277 -0.6055 -0.02333925 0.06206375
2 2 2 -0.1025 0.2277 -0.6055 -0.02333925 0.06206375
2 2 2.5 -0.1025 0.2277 -0.6055 -0.02333925 0.06206375
2 1 4 -0.1025 0.2277 -0.6055 -0.02333925 0.06206375
2 2 3 -0.1025 0.2277 -0.6055 -0.02333925 0.06206375
2 1 2 -0.1025 0.2277 -0.6055 -0.02333925 0.06206375
1 1 1 -0.1025 0.2277 -0.6055 -0.02333925 0.06206375
2 2 2.5 -0.1025 0.2277 -0.6055 -0.02333925 0.06206375
2 2 1.5 -0.1025 0.2277 -0.6055 -0.02333925 0.06206375
1 1 1 -0.1025 0.2277 -0.6055 -0.02333925 0.06206375
3 3 3 -0.1025 0.2277 -0.6055 -0.02333925 0.06206375
1 3 1 -0.1025 0.2277 -0.6055 -0.02333925 0.06206375
99 99 4 -0.1025 0.2277 -0.6055 -0.02333925 0.06206375
2 1 2 0.3975 -0.2723 -0.6055 -0.10823925 -0.24068625
2 2 2.5 -0.1025 0.7277 -0.272166666666667 -0.07458925 0.0278970833333333
1 1 2.5 -0.1025 0.7277 -0.272166666666667 -0.07458925 0.0278970833333333
4 3 3.5 -0.1025 0.7277 -0.272166666666667 -0.07458925 0.0278970833333333
3 2 2.5 -0.1025 0.7277 -0.272166666666667 -0.07458925 0.0278970833333333
3 2 3.5 -0.1025 0.7277 -0.272166666666667 -0.07458925 0.0278970833333333
2 2 4 -0.1025 0.7277 -0.272166666666667 -0.07458925 0.0278970833333333
2 2 1.5 -0.1025 0.7277 -0.272166666666667 -0.07458925 0.0278970833333333
2 2 3 -0.1025 0.7277 -0.272166666666667 -0.07458925 0.0278970833333333
2 2 2.5 -0.1025 0.7277 -0.272166666666667 -0.07458925 0.0278970833333333
1 1 1.5 -0.1025 0.7277 -0.272166666666667 -0.07458925 0.0278970833333333
2 2 3 -0.1025 0.7277 -0.272166666666667 -0.07458925 0.0278970833333333
2 2 2.5 -0.1025 0.7277 -0.272166666666667 -0.07458925 0.0278970833333333
4 4 3.5 -0.1025 0.7277 -0.272166666666667 -0.07458925 0.0278970833333333
2 3 3.5 -0.1025 0.7277 -0.272166666666667 -0.07458925 0.0278970833333333
3 3 3.5 -0.1025 0.7277 -0.272166666666667 -0.07458925 0.0278970833333333
4 1 3 -0.1025 0.7277 -0.272166666666667 -0.07458925 0.0278970833333333
3 3 3.5 -0.1025 0.7277 -0.272166666666667 -0.07458925 0.0278970833333333
2 2 2 0.564166666666666 -0.7723 -0.272166666666667 -0.435705916666667 -0.153547361111111
1 1 1 0.564166666666666 -0.7723 -0.272166666666667 -0.435705916666667 -0.153547361111111
1 1 1.5 0.564166666666666 -0.7723 -0.272166666666667 -0.435705916666667 -0.153547361111111
2 2 2.5 0.564166666666666 -0.7723 -0.272166666666667 -0.435705916666667 -0.153547361111111
2 2 2 0.564166666666666 -0.7723 -0.272166666666667 -0.435705916666667 -0.153547361111111
1 1 1.5 0.564166666666666 -0.7723 -0.272166666666667 -0.435705916666667 -0.153547361111111
3 1 1.5 0.564166666666666 -0.7723 -0.272166666666667 -0.435705916666667 -0.153547361111111
2 1 1 0.564166666666666 0.2277 -0.272166666666667 0.12846075 -0.153547361111111
2 2 2 0.3975 -0.7723 0.0611666666666668 -0.30698925 0.0243137500000001
2 2 2.5 0.3975 -0.7723 0.0611666666666668 -0.30698925 0.0243137500000001
1 1 2 0.3975 -0.7723 0.0611666666666668 -0.30698925 0.0243137500000001
2 2 2.5 0.3975 -0.7723 0.0611666666666668 -0.30698925 0.0243137500000001
2 2 3.5 -0.435833333333333 0.7277 0.0611666666666668 -0.317155916666667 -0.0266584722222223
2 2 3 -0.435833333333333 0.7277 0.0611666666666668 -0.317155916666667 -0.0266584722222223
2 2 3.5 -0.435833333333333 0.7277 0.0611666666666668 -0.317155916666667 -0.0266584722222223
3 2 3.5 -0.435833333333333 0.7277 0.0611666666666668 -0.317155916666667 -0.0266584722222223
2 2 3.5 -0.435833333333333 0.7277 0.0611666666666668 -0.317155916666667 -0.0266584722222223
2 2 2.5 -0.435833333333333 0.7277 0.0611666666666668 -0.317155916666667 -0.0266584722222223
1 1 2 -0.435833333333333 0.7277 0.0611666666666668 -0.317155916666667 -0.0266584722222223
3 3 3 -0.435833333333333 0.7277 0.0611666666666668 -0.317155916666667 -0.0266584722222223
3 2 3 -0.435833333333333 0.7277 0.0611666666666668 -0.317155916666667 -0.0266584722222223
2 2 2.5 -0.6025 0.2277 -0.272166666666667 -0.13718925 0.163980416666667
2 2 3 -0.6025 0.2277 -0.272166666666667 -0.13718925 0.163980416666667
1 2 2.5 -0.6025 0.2277 -0.272166666666667 -0.13718925 0.163980416666667
4 2 2 -0.6025 0.2277 -0.272166666666667 -0.13718925 0.163980416666667
2 3 2 -0.1025 -0.2723 -0.6055 0.02791075 0.06206375
1 1 1.5 -0.1025 -0.2723 -0.6055 0.02791075 0.06206375
1 1 1 -0.1025 -0.2723 -0.6055 0.02791075 0.06206375
2 2 2.5 -0.1025 -0.2723 -0.6055 0.02791075 0.06206375
1 1 1.5 -0.1025 -0.2723 -0.6055 0.02791075 0.06206375
1 1 2.5 -0.1025 -0.2723 -0.6055 0.02791075 0.06206375
2 2 2 -0.1025 -0.2723 -0.6055 0.02791075 0.06206375
2 2 3 -0.1025 -0.2723 -0.6055 0.02791075 0.06206375
1 1 1 -0.1025 -0.2723 -0.6055 0.02791075 0.06206375
1 1 1.5 -0.1025 -0.2723 -0.6055 0.02791075 0.06206375
1 1 2.5 -0.1025 -0.2723 -0.6055 0.02791075 0.06206375
1 1 2 -0.1025 -0.2723 -0.6055 0.02791075 0.06206375
2 2 2 -0.1025 -0.2723 -0.6055 0.02791075 0.06206375
2 2 2.5 -0.1025 -0.2723 -0.6055 0.02791075 0.06206375
2 2 2 -0.1025 -0.2723 -0.6055 0.02791075 0.06206375
3 2 2.5 -0.1025 -0.2723 -0.6055 0.02791075 0.06206375
1 1 2 -0.1025 -0.2723 -0.6055 0.02791075 0.06206375
1 2 3 -0.1025 -0.2723 -0.6055 0.02791075 0.06206375
1 1 1.5 -0.1025 -0.2723 -0.6055 0.02791075 0.06206375
2 1 2 -0.1025 -0.2723 -0.6055 0.02791075 0.06206375
2 2 2.5 -0.1025 -0.2723 -0.6055 0.02791075 0.06206375
2 2 2.5 -0.1025 -0.2723 -0.6055 0.02791075 0.06206375
1 1 2 0.230833333333333 0.7277 0.0611666666666668 0.167977416666667 0.0141193055555556
4 1 4 0.230833333333333 0.7277 0.0611666666666668 0.167977416666667 0.0141193055555556
2 2 2.5 0.230833333333333 0.7277 0.0611666666666668 0.167977416666667 0.0141193055555556
4 4 4 0.230833333333333 0.7277 0.0611666666666668 0.167977416666667 0.0141193055555556
3 2 2.5 0.230833333333333 0.7277 0.0611666666666668 0.167977416666667 0.0141193055555556
3 4 3 0.230833333333333 0.7277 0.0611666666666668 0.167977416666667 0.0141193055555556
2 2 2 0.230833333333333 0.7277 0.0611666666666668 0.167977416666667 0.0141193055555556
3 4 3.5 0.230833333333333 0.7277 0.0611666666666668 0.167977416666667 0.0141193055555556
2 2 2.5 -0.435833333333333 -0.2723 -0.272166666666667 0.118677416666667 0.118619305555556
2 2 3 -0.435833333333333 -0.2723 -0.272166666666667 0.118677416666667 0.118619305555556
1 2 1.5 0.230833333333333 -0.7723 0.0611666666666668 -0.178272583333333 0.0141193055555556
1 1 2 0.230833333333333 -0.7723 0.0611666666666668 -0.178272583333333 0.0141193055555556
2 1 2 0.230833333333333 -0.2723 -0.6055 -0.0628559166666667 -0.139769583333333
2 2 2 0.230833333333333 -0.2723 -0.6055 -0.0628559166666667 -0.139769583333333
2 2 2 0.230833333333333 -0.2723 -0.6055 -0.0628559166666667 -0.139769583333333
1 1 1 0.230833333333333 -0.2723 -0.6055 -0.0628559166666667 -0.139769583333333
2 2 2 0.230833333333333 -0.2723 -0.6055 -0.0628559166666667 -0.139769583333333
1 1 1 0.230833333333333 -0.2723 -0.6055 -0.0628559166666667 -0.139769583333333
1 2 1 0.230833333333333 -0.2723 -0.6055 -0.0628559166666667 -0.139769583333333
2 2 1 0.230833333333333 -0.2723 -0.6055 -0.0628559166666667 -0.139769583333333
1 1 1.5 0.230833333333333 -0.2723 -0.6055 -0.0628559166666667 -0.139769583333333
1 1 1 0.230833333333333 -0.2723 -0.6055 -0.0628559166666667 -0.139769583333333
3 3 2.5 0.230833333333333 -0.2723 -0.6055 -0.0628559166666667 -0.139769583333333
2 2 2 0.230833333333333 -0.2723 -0.6055 -0.0628559166666667 -0.139769583333333
2 2 1 0.230833333333333 -0.2723 -0.6055 -0.0628559166666667 -0.139769583333333
1 1 2.5 -0.769166666666667 0.2277 0.0611666666666668 -0.17513925 -0.0470473611111112
2 2 2.5 -0.769166666666667 0.2277 0.0611666666666668 -0.17513925 -0.0470473611111112
2 2 2 -0.769166666666667 0.2277 0.0611666666666668 -0.17513925 -0.0470473611111112
3 2 3 -0.6025 0.2277 0.3945 -0.13718925 -0.23768625
1 2 2 -0.6025 0.2277 0.3945 -0.13718925 -0.23768625
1 2 2.5 -0.6025 0.2277 0.3945 -0.13718925 -0.23768625
99 4 2.5 -0.6025 0.2277 0.3945 -0.13718925 -0.23768625
2 2 3.5 -0.6025 0.2277 0.3945 -0.13718925 -0.23768625
3 3 2.5 -0.1025 0.7277 0.3945 -0.07458925 -0.04043625
2 2 2.5 -0.1025 0.7277 0.3945 -0.07458925 -0.04043625
2 1 2.5 -0.1025 0.7277 0.3945 -0.07458925 -0.04043625
2 2 3.5 -0.1025 0.7277 0.3945 -0.07458925 -0.04043625
4 3 3 -0.1025 0.7277 0.3945 -0.07458925 -0.04043625
2 1 3 -0.1025 0.7277 0.3945 -0.07458925 -0.04043625
2 2 2.5 -0.1025 0.7277 0.3945 -0.07458925 -0.04043625
3 2 4 -0.1025 0.7277 0.3945 -0.07458925 -0.04043625
2 3 3 -0.1025 0.7277 0.3945 -0.07458925 -0.04043625
2 2 3.5 -0.1025 0.7277 0.3945 -0.07458925 -0.04043625
2 2 3 -0.1025 0.7277 0.3945 -0.07458925 -0.04043625
2 2 3 -0.1025 0.7277 0.3945 -0.07458925 -0.04043625
4 4 2.5 -0.1025 0.7277 0.3945 -0.07458925 -0.04043625
2 2 3.5 -0.1025 0.7277 0.3945 -0.07458925 -0.04043625
3 2 3.5 -0.1025 0.7277 0.3945 -0.07458925 -0.04043625
2 2 1.5 -0.1025 0.7277 0.3945 -0.07458925 -0.04043625
2 99 2 -0.1025 0.7277 0.3945 -0.07458925 -0.04043625
1 1 1 -0.1025 0.7277 0.3945 -0.07458925 -0.04043625
2 2 1.5 -0.1025 0.7277 0.3945 -0.07458925 -0.04043625
2 2 3 -0.1025 0.7277 0.3945 -0.07458925 -0.04043625
3 2 4 -0.1025 0.7277 0.3945 -0.07458925 -0.04043625
1 1 2.5 -0.1025 0.7277 0.3945 -0.07458925 -0.04043625
2 2 3.5 -0.1025 0.7277 0.3945 -0.07458925 -0.04043625
2 2 2 -0.1025 0.7277 0.3945 -0.07458925 -0.04043625
2 2 2.5 -0.1025 0.7277 0.3945 -0.07458925 -0.04043625
1 3 3 0.230833333333333 -0.7723 -0.272166666666667 -0.178272583333333 -0.0628251388888889
2 2 1.5 0.230833333333333 -0.7723 -0.272166666666667 -0.178272583333333 -0.0628251388888889
2 2 99 0.230833333333333 -0.7723 -0.272166666666667 -0.178272583333333 -0.0628251388888889
1 1 1.5 0.230833333333333 -0.2723 0.3945 -0.0628559166666667 0.0910637500000001
3 1 2.5 0.230833333333333 -0.2723 0.3945 -0.0628559166666667 0.0910637500000001
2 2 2 0.230833333333333 -0.2723 0.3945 -0.0628559166666667 0.0910637500000001
2 2 2.5 0.230833333333333 -0.2723 0.3945 -0.0628559166666667 0.0910637500000001
2 2 2.5 0.230833333333333 -0.2723 0.3945 -0.0628559166666667 0.0910637500000001
2 2 2 0.230833333333333 -0.2723 0.3945 -0.0628559166666667 0.0910637500000001
3 2 2.5 0.230833333333333 -0.2723 0.3945 -0.0628559166666667 0.0910637500000001
2 2 1.5 0.564166666666666 0.2277 0.0611666666666668 0.12846075 0.0345081944444445
2 1 2 0.564166666666666 0.2277 0.0611666666666668 0.12846075 0.0345081944444445
1 1 2 0.564166666666666 0.2277 0.0611666666666668 0.12846075 0.0345081944444445
2 2 2 -0.435833333333333 -0.2723 0.0611666666666668 0.118677416666667 -0.0266584722222223
2 2 2 -0.435833333333333 -0.2723 0.0611666666666668 0.118677416666667 -0.0266584722222223
2 2 3.5 -0.435833333333333 -0.2723 0.0611666666666668 0.118677416666667 -0.0266584722222223
2 2 2 -0.435833333333333 -0.2723 0.0611666666666668 0.118677416666667 -0.0266584722222223
2 2 3 -0.435833333333333 -0.2723 0.0611666666666668 0.118677416666667 -0.0266584722222223
3 2 2.5 -0.435833333333333 -0.2723 0.0611666666666668 0.118677416666667 -0.0266584722222223
2 2 2 -0.435833333333333 -0.2723 0.0611666666666668 0.118677416666667 -0.0266584722222223
4 2 3 0.3975 0.2277 -0.272166666666667 0.09051075 -0.10818625
3 4 3.5 -0.1025 0.7277 0.0611666666666668 -0.07458925 -0.00626958333333335
2 2 2 -0.1025 0.7277 0.0611666666666668 -0.07458925 -0.00626958333333335
1 1 2.5 -0.1025 0.7277 0.0611666666666668 -0.07458925 -0.00626958333333335
2 2 3 -0.1025 0.7277 0.0611666666666668 -0.07458925 -0.00626958333333335
2 3 2 -0.1025 0.7277 0.0611666666666668 -0.07458925 -0.00626958333333335
1 1 2.5 -0.1025 0.7277 0.0611666666666668 -0.07458925 -0.00626958333333335
2 2 2.5 -0.1025 0.7277 0.0611666666666668 -0.07458925 -0.00626958333333335
3 2 3.5 -0.1025 0.7277 0.0611666666666668 -0.07458925 -0.00626958333333335
2 2 2 -0.1025 0.7277 0.0611666666666668 -0.07458925 -0.00626958333333335
3 2 3.5 -0.1025 0.7277 0.0611666666666668 -0.07458925 -0.00626958333333335
3 2 4 -0.1025 0.7277 0.0611666666666668 -0.07458925 -0.00626958333333335
3 3 3 -0.1025 0.7277 0.0611666666666668 -0.07458925 -0.00626958333333335
3 3 3 -0.1025 0.7277 0.0611666666666668 -0.07458925 -0.00626958333333335
2 2 2.5 -0.1025 0.7277 0.0611666666666668 -0.07458925 -0.00626958333333335
3 2 3 -0.1025 0.7277 0.0611666666666668 -0.07458925 -0.00626958333333335
2 2 3 -0.1025 0.7277 0.0611666666666668 -0.07458925 -0.00626958333333335
2 2 2 -0.1025 0.7277 0.0611666666666668 -0.07458925 -0.00626958333333335
3 3 3 -0.1025 0.7277 0.0611666666666668 -0.07458925 -0.00626958333333335
2 3 3.5 -0.1025 0.7277 0.0611666666666668 -0.07458925 -0.00626958333333335
2 1 1.5 -0.1025 0.7277 0.0611666666666668 -0.07458925 -0.00626958333333335
2 1 3.5 -0.1025 0.7277 0.0611666666666668 -0.07458925 -0.00626958333333335
3 3 4 -0.1025 0.7277 0.0611666666666668 -0.07458925 -0.00626958333333335
2 2 3.5 -0.1025 0.7277 0.0611666666666668 -0.07458925 -0.00626958333333335
2 2 2 -0.1025 -0.2723 0.3945 0.02791075 -0.04043625
2 3 3.5 -0.1025 -0.2723 0.3945 0.02791075 -0.04043625
2 2 2.5 -0.1025 -0.2723 0.3945 0.02791075 -0.04043625
3 2 2 -0.1025 -0.2723 0.3945 0.02791075 -0.04043625
2 2 2.5 -0.1025 -0.2723 0.3945 0.02791075 -0.04043625
2 2 2 -0.1025 -0.2723 0.3945 0.02791075 -0.04043625
2 2 2 -0.1025 -0.2723 0.3945 0.02791075 -0.04043625
2 2 2 -0.1025 -0.2723 0.3945 0.02791075 -0.04043625
2 3 2.5 -0.1025 -0.2723 0.3945 0.02791075 -0.04043625
2 2 3 -0.1025 -0.2723 0.3945 0.02791075 -0.04043625
2 2 3 -0.1025 -0.2723 0.3945 0.02791075 -0.04043625
1 1 2 -0.1025 -0.2723 0.3945 0.02791075 -0.04043625
2 1 2 -0.1025 -0.2723 0.3945 0.02791075 -0.04043625
2 2 2.5 -0.1025 -0.2723 0.3945 0.02791075 -0.04043625
1 1 2.5 -0.1025 -0.2723 0.3945 0.02791075 -0.04043625
3 2 2 -0.1025 -0.2723 0.3945 0.02791075 -0.04043625
1 1 1 -0.1025 -0.2723 0.3945 0.02791075 -0.04043625
2 2 2.5 -0.1025 -0.2723 0.3945 0.02791075 -0.04043625
99 99 99 -0.1025 -0.2723 0.3945 0.02791075 -0.04043625
3 2 3.5 -0.435833333333333 0.2277 -0.272166666666667 -0.09923925 0.118619305555556
1 1 3 -0.435833333333333 0.2277 -0.272166666666667 -0.09923925 0.118619305555556
3 2 3 -0.435833333333333 0.2277 -0.272166666666667 -0.09923925 0.118619305555556
2 2 2.5 -0.435833333333333 0.2277 -0.272166666666667 -0.09923925 0.118619305555556
1 2 2 -0.435833333333333 0.2277 -0.272166666666667 -0.09923925 0.118619305555556
1 1 1.5 0.564166666666666 -0.2723 -0.272166666666667 -0.153622583333333 -0.153547361111111
2 2 2.5 0.564166666666666 -0.2723 -0.272166666666667 -0.153622583333333 -0.153547361111111
3 3 3 0.564166666666666 -0.2723 -0.272166666666667 -0.153622583333333 -0.153547361111111
2 2 2.5 0.564166666666666 -0.2723 -0.272166666666667 -0.153622583333333 -0.153547361111111
2 3 3 0.564166666666666 -0.2723 -0.272166666666667 -0.153622583333333 -0.153547361111111
1 1 1.5 0.564166666666666 -0.2723 -0.272166666666667 -0.153622583333333 -0.153547361111111
1 1 2 0.564166666666666 -0.2723 -0.272166666666667 -0.153622583333333 -0.153547361111111
2 1 1.5 0.564166666666666 -0.2723 -0.272166666666667 -0.153622583333333 -0.153547361111111
2 2 2.5 0.564166666666666 -0.2723 0.0611666666666668 -0.153622583333333 0.0345081944444445
3 2 2.5 0.564166666666666 -0.2723 0.0611666666666668 -0.153622583333333 0.0345081944444445
2 2 2.5 0.564166666666666 -0.2723 0.0611666666666668 -0.153622583333333 0.0345081944444445
2 2 2.5 0.230833333333333 0.2277 0.3945 0.05256075 0.0910637500000001
2 2 2 0.230833333333333 0.2277 0.3945 0.05256075 0.0910637500000001
2 2 2.5 0.230833333333333 0.2277 0.3945 0.05256075 0.0910637500000001
1 2 2.5 0.230833333333333 0.2277 0.3945 0.05256075 0.0910637500000001
1 1 2.5 0.230833333333333 0.2277 0.3945 0.05256075 0.0910637500000001
2 2 1 -0.435833333333333 0.2277 0.3945 -0.09923925 -0.17193625
2 2 1.5 -0.435833333333333 0.2277 0.3945 -0.09923925 -0.17193625
1 1 2.5 -0.435833333333333 0.2277 0.3945 -0.09923925 -0.17193625
3 2 3.5 -0.435833333333333 0.2277 0.3945 -0.09923925 -0.17193625
2 2 2 -0.435833333333333 0.2277 0.3945 -0.09923925 -0.17193625
2 2 3 -0.6025 0.2277 0.0611666666666668 -0.13718925 -0.0368529166666668
2 2 3.5 -0.6025 0.2277 0.0611666666666668 -0.13718925 -0.0368529166666668
1 2 3 -0.6025 0.2277 0.0611666666666668 -0.13718925 -0.0368529166666668
2 2 1.5 -0.6025 0.2277 0.0611666666666668 -0.13718925 -0.0368529166666668
2 2 2 0.230833333333333 0.2277 -0.272166666666667 0.05256075 -0.0628251388888889
2 1 2.5 0.230833333333333 0.2277 -0.272166666666667 0.05256075 -0.0628251388888889
2 3 1.5 0.230833333333333 0.2277 -0.272166666666667 0.05256075 -0.0628251388888889
2 2 2 0.230833333333333 0.2277 -0.272166666666667 0.05256075 -0.0628251388888889
99 2 3 0.3975 0.2277 0.0611666666666668 0.09051075 0.0243137500000001
2 2 3 0.3975 0.2277 0.0611666666666668 0.09051075 0.0243137500000001
2 3 2 0.3975 0.2277 0.0611666666666668 0.09051075 0.0243137500000001
2 2 1.5 0.3975 -0.2723 -0.272166666666667 -0.10823925 -0.10818625
1 1 1 0.3975 -0.2723 -0.272166666666667 -0.10823925 -0.10818625
2 1 1.5 0.3975 -0.2723 -0.272166666666667 -0.10823925 -0.10818625
2 2 2.5 -0.1025 -0.2723 -0.272166666666667 0.02791075 0.0278970833333333
2 2 2.5 -0.1025 -0.2723 -0.272166666666667 0.02791075 0.0278970833333333
2 3 2.5 -0.1025 -0.2723 -0.272166666666667 0.02791075 0.0278970833333333
1 1 2 -0.1025 -0.2723 -0.272166666666667 0.02791075 0.0278970833333333
1 1 1.5 -0.1025 -0.2723 -0.272166666666667 0.02791075 0.0278970833333333
2 2 2 -0.1025 -0.2723 -0.272166666666667 0.02791075 0.0278970833333333
1 3 2.5 -0.1025 -0.2723 -0.272166666666667 0.02791075 0.0278970833333333
2 1 1.5 -0.1025 -0.2723 -0.272166666666667 0.02791075 0.0278970833333333
1 1 1.5 -0.1025 -0.2723 -0.272166666666667 0.02791075 0.0278970833333333
2 2 3 -0.1025 -0.2723 -0.272166666666667 0.02791075 0.0278970833333333
1 1 2.5 -0.1025 -0.2723 -0.272166666666667 0.02791075 0.0278970833333333
2 2 2 -0.1025 -0.2723 -0.272166666666667 0.02791075 0.0278970833333333
1 1 1 -0.1025 -0.2723 -0.272166666666667 0.02791075 0.0278970833333333
2 2 4 -0.1025 -0.2723 -0.272166666666667 0.02791075 0.0278970833333333
3 3 2 0.3975 -0.2723 0.0611666666666668 -0.10823925 0.0243137500000001
2 2 2.5 0.3975 -0.2723 0.0611666666666668 -0.10823925 0.0243137500000001
2 2 2.5 0.3975 -0.2723 0.0611666666666668 -0.10823925 0.0243137500000001
2 2 2.5 0.3975 -0.2723 0.0611666666666668 -0.10823925 0.0243137500000001
99 2 3 0.3975 -0.2723 0.0611666666666668 -0.10823925 0.0243137500000001
2 3 4 -0.1025 0.2277 0.3945 -0.02333925 -0.04043625
3 3 3 -0.1025 0.2277 0.3945 -0.02333925 -0.04043625
2 3 3.5 -0.1025 0.2277 0.3945 -0.02333925 -0.04043625
3 2 3.5 -0.1025 0.2277 0.3945 -0.02333925 -0.04043625
2 2 2 -0.1025 0.2277 0.3945 -0.02333925 -0.04043625
3 2 3.5 -0.1025 0.2277 0.3945 -0.02333925 -0.04043625
3 3 3.5 -0.1025 0.2277 0.3945 -0.02333925 -0.04043625
1 99 2 -0.1025 0.2277 0.3945 -0.02333925 -0.04043625
4 4 2.5 -0.1025 0.2277 0.3945 -0.02333925 -0.04043625
2 2 2.5 -0.1025 0.2277 0.3945 -0.02333925 -0.04043625
2 2 2.5 -0.1025 0.2277 0.3945 -0.02333925 -0.04043625
1 1 2 -0.1025 0.2277 0.3945 -0.02333925 -0.04043625
2 2 2 -0.1025 0.2277 0.3945 -0.02333925 -0.04043625
2 2 2 -0.1025 0.2277 0.3945 -0.02333925 -0.04043625
2 2 2.5 -0.1025 0.2277 -0.272166666666667 -0.02333925 0.0278970833333333
1 2 2.5 -0.1025 0.2277 -0.272166666666667 -0.02333925 0.0278970833333333
2 2 2.5 -0.1025 0.2277 -0.272166666666667 -0.02333925 0.0278970833333333
2 2 1 -0.1025 0.2277 -0.272166666666667 -0.02333925 0.0278970833333333
2 2 2 -0.1025 0.2277 -0.272166666666667 -0.02333925 0.0278970833333333
2 2 2 -0.1025 0.2277 -0.272166666666667 -0.02333925 0.0278970833333333
2 2 2.5 -0.1025 0.2277 -0.272166666666667 -0.02333925 0.0278970833333333
1 1 2.5 -0.1025 0.2277 -0.272166666666667 -0.02333925 0.0278970833333333
2 2 2.5 -0.1025 0.2277 -0.272166666666667 -0.02333925 0.0278970833333333
3 2 3.5 -0.1025 0.2277 -0.272166666666667 -0.02333925 0.0278970833333333
1 1 2 -0.1025 0.2277 -0.272166666666667 -0.02333925 0.0278970833333333
3 3 3.5 -0.1025 0.2277 -0.272166666666667 -0.02333925 0.0278970833333333
2 3 2.5 -0.1025 0.2277 -0.272166666666667 -0.02333925 0.0278970833333333
2 1 2 -0.435833333333333 0.2277 0.0611666666666668 -0.09923925 -0.0266584722222223
2 1 2.5 -0.435833333333333 0.2277 0.0611666666666668 -0.09923925 -0.0266584722222223
2 2 2 -0.435833333333333 0.2277 0.0611666666666668 -0.09923925 -0.0266584722222223
3 2 1.5 -0.435833333333333 0.2277 0.0611666666666668 -0.09923925 -0.0266584722222223
1 1 3 -0.435833333333333 0.2277 0.0611666666666668 -0.09923925 -0.0266584722222223
3 2 3 -0.435833333333333 0.2277 0.0611666666666668 -0.09923925 -0.0266584722222223
1 1 3 -0.1025 -0.2723 0.0611666666666668 0.02791075 -0.00626958333333335
2 2 2.5 -0.1025 -0.2723 0.0611666666666668 0.02791075 -0.00626958333333335
2 2 2 -0.1025 -0.2723 0.0611666666666668 0.02791075 -0.00626958333333335
1 1 1 -0.1025 -0.2723 0.0611666666666668 0.02791075 -0.00626958333333335
3 1 2 -0.1025 -0.2723 0.0611666666666668 0.02791075 -0.00626958333333335
2 2 2.5 -0.1025 -0.2723 0.0611666666666668 0.02791075 -0.00626958333333335
2 2 2.5 -0.1025 -0.2723 0.0611666666666668 0.02791075 -0.00626958333333335
2 1 1.5 -0.1025 -0.2723 0.0611666666666668 0.02791075 -0.00626958333333335
2 2 2 -0.1025 -0.2723 0.0611666666666668 0.02791075 -0.00626958333333335
1 2 1 -0.1025 -0.2723 0.0611666666666668 0.02791075 -0.00626958333333335
2 2 3 -0.1025 -0.2723 0.0611666666666668 0.02791075 -0.00626958333333335
4 3 3.5 -0.1025 -0.2723 0.0611666666666668 0.02791075 -0.00626958333333335
2 2 4 -0.1025 -0.2723 0.0611666666666668 0.02791075 -0.00626958333333335
1 1 2 -0.1025 -0.2723 0.0611666666666668 0.02791075 -0.00626958333333335
2 3 3.5 -0.1025 -0.2723 0.0611666666666668 0.02791075 -0.00626958333333335
2 2 2.5 -0.1025 -0.2723 0.0611666666666668 0.02791075 -0.00626958333333335
1 1 1.5 -0.1025 -0.2723 0.0611666666666668 0.02791075 -0.00626958333333335
1 1 2 0.230833333333333 -0.2723 -0.272166666666667 -0.0628559166666667 -0.0628251388888889
2 2 2.5 0.230833333333333 -0.2723 -0.272166666666667 -0.0628559166666667 -0.0628251388888889
1 1 2.5 0.230833333333333 -0.2723 -0.272166666666667 -0.0628559166666667 -0.0628251388888889
1 1 1.5 0.230833333333333 -0.2723 -0.272166666666667 -0.0628559166666667 -0.0628251388888889
2 2 2.5 0.230833333333333 -0.2723 -0.272166666666667 -0.0628559166666667 -0.0628251388888889
2 2 1.5 0.230833333333333 -0.2723 -0.272166666666667 -0.0628559166666667 -0.0628251388888889
2 2 2.5 0.230833333333333 -0.2723 -0.272166666666667 -0.0628559166666667 -0.0628251388888889
1 1 1.5 0.230833333333333 -0.2723 -0.272166666666667 -0.0628559166666667 -0.0628251388888889
2 2 3 -0.1025 -0.2723 -0.1055 0.02791075 0.01081375
3 3 2 0.230833333333333 0.2277 0.0611666666666668 0.05256075 0.0141193055555556
2 2 2 0.230833333333333 0.2277 0.0611666666666668 0.05256075 0.0141193055555556
3 2 4 0.230833333333333 0.2277 0.0611666666666668 0.05256075 0.0141193055555556
1 1 2 0.230833333333333 0.2277 0.0611666666666668 0.05256075 0.0141193055555556
3 3 3 0.230833333333333 0.2277 0.0611666666666668 0.05256075 0.0141193055555556
3 2 3 0.230833333333333 -0.2723 0.0611666666666668 -0.0628559166666667 0.0141193055555556
2 1 2 0.230833333333333 -0.2723 0.0611666666666668 -0.0628559166666667 0.0141193055555556
3 2 2.5 0.230833333333333 -0.2723 0.0611666666666668 -0.0628559166666667 0.0141193055555556
2 2 2 0.230833333333333 -0.2723 0.0611666666666668 -0.0628559166666667 0.0141193055555556
2 2 2 0.230833333333333 -0.2723 0.0611666666666668 -0.0628559166666667 0.0141193055555556
1 1 2 0.230833333333333 -0.2723 0.0611666666666668 -0.0628559166666667 0.0141193055555556
3 3 2.5 0.230833333333333 -0.2723 0.0611666666666668 -0.0628559166666667 0.0141193055555556
3 2 3 0.230833333333333 -0.2723 0.0611666666666668 -0.0628559166666667 0.0141193055555556
2 2 3 0.230833333333333 -0.2723 0.0611666666666668 -0.0628559166666667 0.0141193055555556
2 2 3.5 0.230833333333333 -0.2723 0.0611666666666668 -0.0628559166666667 0.0141193055555556
2 1 2.5 -0.1025 0.2277 0.0611666666666668 -0.02333925 -0.00626958333333335
2 2 3 -0.1025 0.2277 0.0611666666666668 -0.02333925 -0.00626958333333335
1 1 3.5 -0.1025 0.2277 0.0611666666666668 -0.02333925 -0.00626958333333335
2 2 2 -0.1025 0.2277 0.0611666666666668 -0.02333925 -0.00626958333333335
2 2 3 -0.1025 0.2277 0.0611666666666668 -0.02333925 -0.00626958333333335
1 1 2 -0.1025 0.2277 0.0611666666666668 -0.02333925 -0.00626958333333335
2 1 2.5 -0.1025 0.2277 0.0611666666666668 -0.02333925 -0.00626958333333335
2 1 2 -0.1025 0.2277 0.0611666666666668 -0.02333925 -0.00626958333333335
2 2 3 -0.1025 0.2277 0.0611666666666668 -0.02333925 -0.00626958333333335
4 3 2.5 -0.1025 0.2277 0.0611666666666668 -0.02333925 -0.00626958333333335
2 2 2.5 -0.1025 0.2277 0.0611666666666668 -0.02333925 -0.00626958333333335
2 1 1.5 -0.1025 0.2277 0.0611666666666668 -0.02333925 -0.00626958333333335
3 2 1 -0.435833333333333 99 -0.6055 99 0.263897083333333
1 2 1 0.8975 99 -0.6055 99 -0.54343625
2 2 99 0.8975 99 0.0611666666666668 99 0.0548970833333335
4 4 4 1.23083333333333 0.7277 99 0.895677416666667 99
