19	1	2	2	99	99	1	1	1	1	1	1	1	1	1	1	1	2	3
32	2	1	1	2	1	1	2	1	4	4	1	1	2	1	1	2	2	3
116	1	1	1	2	2	1	1	1	2	1	1	3	1	1	1	1	2	3
124	3	2	2	2	4	3	4	2	4	2	1	1	2	3	1	1	2	3
129	3	2	1	2	2	2	1	1	2	2	2	1	1	1	1	2	2	3
131	1	1	1	2	2	1	2	2	2	2	2	1	1	1	1	1	2	3
133	1	1	1	1	2	2	1	2	2	1	1	1	2	1	1	1	2	3
135	3	2.22202760543504	2	2	2	2	2	2	3	2	2	1	2	2	2	2	2	3
180	1	1	1	1	4	1	1	1	1	2	1	1	1	1	1	1	2	3
185	2.12503517456193	1	1	2	4	3	2	2	3	1	1	1	2	1	2	2	2	3
207	1	1	1	1	2	1	2	2	2.55728285473244	2	1	1	1	1	2	2	2	3
208	1	1	2	1	1	1	2.26078560516428	2	2.39008192867471	1	2	1	1	1	2	2	2	3
217	4	1	2	2	1	2	3	2	2	4	2	1	2	1	3	2	2	3
228	1	1	1	4	3	1	3	2	3	2	3	2	2	2	2	2	2	3
239	1	1	1	3	3	2	1	3	4	1	1	1	1	1	1	1	2	3
242	1	1	1	2	3	1	2	1	2	2	2	1	2	1	2	3	2	3
245	1	1	1	1	1	1	1	1	4	1	1	1	1	1	1	1	2	3
274	1	3	2	1	2	1	2	2	2	1	1	1	2	1	1	2	2	3
291	2	1	1	2	1	4	2	1	4	1	1	3	1	1	1	1	1	3
296	3	3	2	2	2	3	3	2	3	2	3	1	2	2	3	2	2	3
297	3	2	2	3	3	2	2	2	3	1	1	1	1	1	1	2	2	3
312	1	2	1	2	3	2	3	1	2	1	2	1	3	2	2	1	2	3
359	1	1	1	2	2	2	2	2	3	2	2	1	1	1	2	1	2	3
372	4	1	1	1	2	3	4	1	2	2	2	1	1	1	2	2	2	3
374	3	3	3	2	2.24184247916968	4	3	2	3	2.17180485604746	1.99894875134558	1	2	2	1	3	1	3
413	1	2	2	2	3	4	4	2	2	2	2	2	2	2	2	2	2	3
417	1	1	1	2	1	1	1	1	3	1	1	1	1	1	2	1	2	3
420	1	1	1	1	1	1	2	1	1	1	3	1	1	1	2	2	2	3
422	1	2	1	2	1	1	2	2	2	2	1	1	4	4	2	2	2	3
433	1	1	2	1	1	1	1	1.01431626709789	3	2	1.46794746961393	1	1.15133815298715	1	1	1	2	3
442	1	2	1	2	3	3	1	1	2	1	1	1	2	1	1	1	2	3
444	1	1	1	1	1	1	2	2	1	1	1	1	1	1	2	2	2	3
472	3	4	4	2	4	4	4	4	4	4	2	2	2	2	2	4	2	3
475	2	3	2	1	1	1	2	2	4	1	2	1	2	2	2	1	2	3
497	2	2	2	2	2	1	3	2	3	2	3	2	1	1	2	2	2	3
523	1	1	1	1	2	1	2	1	2.56763857720529	2	2	1	1	1	1	1	2	3
530	2	1	1	2	1	1	3	2	2	1	3	1	1	2	1	2	2	3
541	4	1	1	3	3	3	3	2	4	1	1	1	3	1	3	3	2	3
546	1	2	2	4	2	2	4	2	4	2	2	2	2	2	2	2	2	3
582	2	3	1	2	2	1	2	2	3	1	1	1	1	1	1	1	2	3
591	1	2	2	2	2	1	2	2	2	2	1	1	1	1	1	2	2	3
608	1	1	1	1	1	1	3	2	3	1	1	1	1	1	2	3	2	3
617	2	2	1	2	2	1	2	2	3	3	1	1	4	1	3	2	2	3
624	3	1	2	3	2	3	3	2	2	3	2	1	2	3	2	3	2	3
628	1	1	1	1	1	1	1	1	3	2	1	1	1	1	2	1	2	3
633	1	3	1	1	1	1	1	1	1	1	1	1	1	1	1	1	2	3
636	1	1	1	1	1	1	1	1	2	1	1	1	1	1	1	1	2	3
668	1	1	1	2	2	1	2	1	3	2	2	1	1	1	2	1	2	3
680	1	2	1	2	2	3	2	1	4	2	1	1	2	1	1	1	2	3
706	1	1	1	1	1	1	1	1	1	1	1	1	1	1	1	1	2	3
713	1	1	1	2	2	1	2	2	3	1	1	1	2	2	2	2	2	3
736	4	3	1	4	4	4	4	4	4	4	4	3	1	1	1	4	2	3
747	1	2	2	2	2	1	3	2	3	1	1	1	1	1	4	2	2	3
749	3	4	1	4	2	4	4	4	3	4	1	1	1	1	4	4	1	3
751	2	1	1	1	2	1	1	2	4	3	1	1	1	1	1	1	2	3
763	1	1	1	1	1	1	1	2	2.20703814414972	1	1	1	1	1	1	1	2	3
807	2	3	3	2	3	3	4	4	4	4	2	3	3	3	2	2	1	3
826	1	1	1	1	2	2	1	1	3	1	1	1	1	1	1	1	2	3
841	2	1	1	1	1	2	3	3	4	3	2	1	2	1	1	2	2	3
843	1	1	1	1	2	1	2	1	2	1	1	1	1	1	1	1	2	3
860	1	1	1	3	2	2	3	2.31688293598762	2	4	2	2	2	2	2	2	2	3
862	2	1	1	1	2	2	2	1	3	1	1	1	1	1	2	2	2	3
880	1	1	1	1	2	1	1	2	2	1	2	1	1	1	1	2	2	3
934	1	2	1	2	1	1	2	2	3	1	1	1	1	2	2	1	2	3
935	1	1	1	1	2	1	2	1	3	3	1	1	1	1	1	1	2	3
942	1	1	1	2	2	1	2	2	2	1	1	1	2	1	3	2	2	3
966	1	1	1	2	2	1	2	1	3	3	2	1	2	1	2	1	2	3
1017	2	2	2	3	3	2	3	2	3	2	2	1	2	1	3	2	2	3
1048	2	2	2	3	3	2	3	2	3	2	2	2	2	2	2	2	2	3
1054	1	1	1	2	3	2	2	1	4	3	2	1	1	1	1	1	2	3
1064	1	1	1	2	2	1	2	1	3	3	2	1	1.27605866533799	1	2	1	2	3
1081	1	2	2	1	2	1	2	2	3	1	1	1	2	2	2	2	1	3
1087	2	1	1	2	2	1	1	1	3	2	1	1	1	1	1	1	2	3
1120	1	1	1	2	1	1	1	2	3	1	1	1	2	1	1	1	2	3
1135	1	2	2	1	1	1	1	1	3	2	2	1	1	1	1	1	2	3
1153	1	1	1	1	1	1	2	1	3	3	1	1	1	1	2	2	2	3
1168	2	2	2	2	2	3	2	2	3	1	2	1	3	2	1	2	2	3
1241	1	2	2	4	3	2	3	2	4	3	1	1	2	1	1	2	2	3
1281	3	2	1	1	2	2	2	2	3	1	1	1	3	1	1	1	2	3
1307	2	2	1	2	2	2	1	1	1	2	2	1	1	1	1	2	2	3
1343	1	2	2	2	2	2	3	3	4	3	3	1	2	2	3	2	1	3
1367	3	2	1	2	2	4	4	2	4	2	2	4	4	4	4	2	2	3
1397	1	1	1	2	2	1	2	2	2	2	2	2	1	2	2	2	2	3
1432	2	2	2	4	4	2	3	3	2	2	3	3	3	3	4	3	2	3
1436	1	1	1	2	3	1	1	2	3	1	1	1	1	1	1	1	2	3
1440	4	3	2	2	2	4	1	1	3	1	1	1	1	1	2	2	1	3
1463	1	1	1	2	1	1	1	1	3	1	1	1	1	1	2	1	2	3
1465	1	2	1	4	2	1	4	4	1	1	1	2	1.69547166281758	1	2.6787756767537	2.7635699732233	2	3
1471	2	2	1	2	2	2	2	2	3	2	2	1	2	1	2	2	2	3
1491	1	3	2	2	2	2	3	3	4	4	3	2	2	3	3	3	2	3
1508	2	1	1	2	1	1	3	2	3	2	2	1	1	1	3	2	1	3
1550	1	1	1	2	2	1	2	1	2	2	1	1	1	1	1	1	2	3
1570	2	1	1	2	3	3	3	2	3	1	1	1	2	1	4	2	2	3
1578	4	3	2	3	3	3	2	2	4	1	3	2	3	1	2	2	2	3
1625	2	2	1	1	2	2	2	2	3	1	1	1	1	1	2	2	2	3
1627	1	1	1	1	2	2	3	3	3	2	2	1	2	2	2	3	2	3
1656	1	1	1	1	1	1	1	2	3	3	2	2	1	1	1	1	2	3
1681	1	1	1	2	2	2	1	1	2	1	1	2	1	1	1	1	2	3
1706	4	3	1	3	4	1	4	2	3	2	2	1	1	1	4	2.46527934434384	2	3
1720	1	1	1	2	3	1	2	1	3	2	1	1	1	1	1	2	2	3
1732	1	1	1	2	2	1	1	2	3	2	2	1	1	1	2	2	2	3
1736	1	1	1	3	3	1	2	2	4	2	1	1	1	1	3	1	2	3
1770	1	2	2	2	3	1	2	2	3	2	2	1	1	1	2	1	2	3
1788	1	1	1	1	2	1	1	1	1	1	1	1	1	1	1	1	2	3
1818	1	1	1	2	2	1	2	1	2	1	1	2	1	1	1	1	2	3
1830	3	2	2	2	3	4	2	2	2	2	2	1	2	1	2	2	2	3
1867	1	2	1	2	1	1	3	2	3	2	1	1	4	2	3	2	2	3
1869	3	3	2	4	4	4	2	2	3	1	2	1	2	2	2	1	2	3
1889	2	2	2	2	3	2	2	2	3	1	1	1	1	1	3	1	2	3
1893	2	1	1	2	2	2	3	2	3	2	2	1	2	2	2	2	2	3
1899	2	1	1	3	3	2	3	2	4	1	1	3	1	1	4	2	2	3
1901	4	4	2	1.90786003344985	1	2	3	3	4	3	1	2	3	1	4	2.55872711950273	2	3
1903	1	1	1	1	1	1	2	1	4	1	1	1	1	1	2	2	2	3
1928	3	2	1	2	1	1	3	2	2	1	1	1	1	1	2	2	2	3
1933	4	1	1	2	4	2	1	1	1	1	1	1	1	1	1	1	2	3
1946	1	1	1	2	1	1	1	1	3	1	1	1	1	1	1	1	2	3
1967	1	1	1	2	3	1	2	2	3	1	1	1	1	1	1	1	2	3
1977	2	1	1	4	4	2	2	2	4	1	1	1	1	1	1	2	2	3
1989	1	2	2	2	1	1	2	2	2	2	2	1	1	1	2	2	2	3
1994	4	4	3	4	3	4	2	4	4	4	4	2	2	2	2	2	2	3
2022	2	2	2	2.34436538368696	3	1.96437421336012	2	2	2.72362335304892	1.82014670210478	1.51918408832147	1	3	1	1	2	2	3
2031	1	1	1	2	3	1	2	2	3	1	1	1	1	1	2	1	2	3
2083	1	2	3	3	1	1	2	2	4	2	1	2	2	1	4	2	2	3
2088	4	2	1	2	3	1	4	4	3	3	1	2	1	1	2	4	2	3
2121	2	1	2	3	3	2	2	2	3	1	1	1	2	1	1	2	2	3
2129	1	1	1	2	2	1	3	2	3	2	1	1	1	1	1	2	2	3
2131	2	1	1	3	2	1	1	4	4	1	1	1	3	1	2	2	2	3
2134	1	1	1	1	2	1	2	2	2	1	1	1	1	1	1	1	2	3
2147	1	1	1	2	3	2	3	1	3	1	1	1	2	2	2	2	2	3
2161	1	1	1	2	3	1	3	2	2	3	2	1	2	2	2	1	2	3
2203	2	2	1	2	2	2	2	1.96817682674084	3	2	2	2	2	2	1	2	2	3
2215	1	2	2	2	1	1	1	1	3	1	1	1	1	2	1	1	2	3
2231	1	2	2	2	2	1	2	2	2	2	1	1	2	2	2	2	2	3
2262	1	1	1	3	3	1	2	2	2	1	1	1	2	2	2	1	2	3
2279	2	2	1	1	2	1	2	1	2	2	3	2	1	1	1	1	2	3
2285	1	2	2	3	3	2	3	2	3	2	2	2	1	1	2	2	2	3
2293	4	3	2	3	2	2	3	2	3	1	2	1	3	1	1	2	2	3
2295	2	1	1	2	3	1	3	1	4	3	2	1	1	1	1	2	2	3
2305	1	2	1	2	4	1	1	2	3	1	1	1	1	1	1	1	2	3
2311	2	1	1	3	3	2	1	1	3	1	1	1	1	1	1	1	2	3
2322	2	2	2	2	2	4	3	2	4	1	1	1	1	1	2	2	2	3
2331	2	1	2	3	4	1	2	1	4	3	3	3	2	1	1	2	2	3
2361	1	3	1	1	1	1	1	2	2	1	1	1	1	1	1	1	2	3
2425	3	1	1	1	1	1	3	2	3	1	1	1	1	1	3	1	2	3
2432	1	2	2	2	2	1	2	1	2	2	2	1	2	1	2	2	2	3
2441	3	2	2	3	3	3	2	2	2	2	3	2	2	2	3	2	2	3
2446	2	2	2	3	3	3	2	2	2	2	1	1	1	1	2	2	2	3
2450	1	1	1	1	2	1	2	1	2	2	2	1	1	1	1	1	2	3
2453	1	2	2	2	2	2	2	2	3	2	2	2	2	2	2	1	2	3
2455	2	1	1	3	3	1	1	1	1	1	1	1	3	1	1	1	2	3
2458	1	1	2	3	3	1	1	1	4	1	1	1	1	1	1	1	2	3
2459	3	3	2	3	2	2	3	2	3	2	1	1	2	3	2	2	2	3
2460	1	2	1	2	1	1	2	2	4	2	2	1	1.37454012232596	1	2	2	2	3
2488	1	2	2	1	2	2	2	1.86110247037115	3	2	1	1	2	2	2	2	1	3
2492	1	1	1	3	4	2	3	2	3	3	2	1	3	2	4	3	2	3
2498	1	1	1	2	2	1	2	1	2	1	2	1	1	1	2	1	2	3
2501	1	1	1	2	2.29888983282015	2	2	2	2	2	2	2	2	2	1	2	2	3
2568	1	1	1	2	2	1	3	2	3	3	3	2	2	1	3	2	2	3
2570	1	1	1	2	2	1	1	1	3	3	2	1	1	1	1	1	2	3
2580	1	1	1	1	1	1	1	1	1	1	1	1	1	1	1	1	2	3
2583	1	1	2	2	2	1	2	2	3	1	1	1	1	1	1	1	2	3
2584	1	2	2	2	1	1	4	4	4	2	2	3	2	1	4	3	2	3
2601	1	1	1	3	3	1	3	2	4	1	1	1	1	1	3	1	2	3
2610	2	1	1	1	1	1	1	1	2	2	1	1	2	1	1	1	2	3
2625	3	1	2	3	2	4	3	2	3	3	2	1	1	2	3	3	2	3
2628	2	2	1	2	3	1	2.09277187702993	2	1	1	1	1	1	0.97515542296275	1	2	2	3
2630	3	1	1	3	3	2.25007260631045	2	2	3	2	1	1	2	1	2	2	2	3
2633	1	2	2	2	2	2	3	2	2	1	1	1	1	1	1	1	1	3
2684	1	1	1	2	3	2	2	2	3	2	2	1	1	1	1	1	2	3
2701	1	1	2	2	2	1	2	1	3	2	1	1	1	1	2	2	2	3
2709	3	2	3	2	2	2	4	2	2	2	2	2	2	2	2	2	2	3
2726	1	1	1	1	2	1	2	2	3	2	2	1	1	1	2	1	2	3
2787	1	1	1	2	2	2	3	4	4	1	1	1	2	1	1	1	2	3
2796	3	2	1	1	2	2	2	1	3	2	1	1	1	1	2	1	2	3
2797	2	1	1	1	2	1	3	2	2	2	1	1	1	1	1	2	1	3
2806	2	1	1	2	2	2	2	2	2	2	2	1	2	1	2	2	2	3
2819	1	1	1	2	3	2	2	1	2	1	1	1	1	1	1	1	2	3
2839	2	1	1	3	4	1	2	3	4	3	1	1	1	1	1	2	2	3
2857	3	3	2	2	1	4	3	1	4	2	1	1	2	2	3	1	2	3
2865	3	1	1	2	2	2	3	2	3	1	2	1	2	2	3	1	2	3
2873	1	1	1	1	1	1	1	2	2	4	1	1	1	1	1	1	2	3
2890	4	2	1	4	4	2	1	1	1	2	3	1	1	1	1	1	2	3
2896	1	1	1	2	2	2	4	4	4	2	2	2	2	2	4	2	2	3
2918	1	2	2	2	2	2	2	2	3	3	2	1	1	1	2	2	2	3
2954	1	1	1	1	1	1	1	1	1	1	1	1	1	1	2	1	2	3
2972	4	3	2	2	2	4	3	3	2	2	2	2	2	2	2	2	2	3
2985	2	2	2	2	2	1	2	2	2	1	1	1	1	2	2	2	2	3
2991	1	2	2	2	4	1	2	2	4	1	1	1	1	1	2	2	2	3
2995	1	1	1	2	2	1	2	1	1	2	3	1	1	1	1	2	2	3
3018	2	2	2	3	3	2	2	2	3	2	2	2	2	2	2	2	2	3
3030	1.19863381290664	1	1	2	4	1	2.21207288330989	1	4	2	1	1	1	1	2	1	2	3
3033	2	2	2	1	2	3	2	1	2	1	1	1	1	1	1	1	2	3
3093	1	1	1	2	2	1	2	1	3	2	2	1	1	1	1	1	2	3
3096	1	1	1	1	1	1	1	1	1	3	1	1	2	1	1	1	2	3
3113	3	2	2	2	3	2	2	2	3	3	2	2	2	2	2	2	2	3
3114	1	1	1	3	4	2	2	2	4	1	3	1	1	1	1	2	2	3
3134	3	2	1	2	3	1	2	1	1	2	2	1	2	1	1	1	2	3
3159	2	2	1	2	2	2	2	2	2	1	1	1	1	1	2	1	2	3
3172	3	3	3	4	2	2	4	4	3	3	2	1	3	1	3	3	2	3
3173	4	2	2	2	2	2	2	3	2	2	2	1	2	2	2	2	2	3
3187	2	1	1	2	4	2	2	4	4	3	3	1	1	1	1	2	2	3
3211	3	2	1	3	3	3	4	4	4	4	1	1	2	1	4	3	2	3
3223	2	2	1	1	2	1	1	1	1	1	1	1	1	1	1	1	2	3
3248	1	2	2	2	2	2	3	2	3	2	2	1	2	2	1	2	1	3
3251	1	2	2	2	1	1	2	2	2	1	1	1	1	1	2	2	2	3
3274	1	2	2	1	2	1	1	2	2	1	1	1	1	1	1	1	2	3
3317	2	4	3	2	2	2	2	1	4	1	1	1	2	2	1	1	2	3
3327	1	1	1	4	3	1	1	1	2	1	1	1	2	1	1	1	2	3
3341	3	1	1	2	2	2	2	2	3	1	1	1	1	1	1	2	2	3
3358	1	1	1	2	2	1	1	1	3	2	2	1	1	1	2	2	2	3
3375	4	1	1	1	1	3	3	1	3	1	1	1	1	1	1	1	2	3
3387	1	1	1	2	2	3	3	2	4	2	1	1	1	1	3	3	2	3
3403	1	1	1	1	2	1	2	2	3	1	1	1	1	1	2	2	2	3
3411	3	1	1	1	1	2	2	1	2	1	1	1	1	1	1	1	2	3
3412	4	2	3	1	2	4	2	1	4	2	1	1	1	2	2	2	2	3
3427	2	2	1.59738167690496	2	3	2	2	1	3	1	1	1	1	1	2	1	2	3
3433	3	2	2	2	2	2	4	2	2	2	2	2	2	2	2	2	1	3
3445	3	1	1	3	2	3	3	3	3	1	3	1	1	1	1	1	2	3
3452	4	2	2	3	4	4	4	3	4	2	3	2	3	2	2	3	2	3
3457	1	1	2	4	2.96947360970755	1	4	2	4	4	3	2	1	2	1	2	1	3
3484	1	2	2	2	3	2	2	2	3	1	1	1	2	2	2	2	2	3
3489	1	2	1	2	2	2	2	1	2	1	1	1	2	2	2	1	2	3
3560	1	1	1	3	2	1	2	1	3	1	1	1	1	1	1	1	2	3
3588	1	1	1	1	1	1	3	2	1	3	3	1	1	1	1	3	2	3
3601	1	2	2	2	2	2	2	2	3	2	2	1	1	1	2	2	2	3
3612	1	1	1	1	2	2	1	2	2	1	1	1	1	1	1	1	2	3
3613	1	1	1	1	2	1	2	1	2	1	1	1	1	1	1	1.11502330693451	2	3
3629	3	2	2	3	3	2	3	1	3	2	1	2	2	1	2	3	2	3
3632	2	2	1	3	3	1	3	3	2	1	1	1	1	1	1	2	2	3
3651	1	1	1	2	2	1	2	2	2	2	3	2	2	1	2	2	2	3
3684	4	3	3	2	4	2	3	2	2	1	1	1	1	3	2	1	2	3
3694	1	1	1	1	1	1	1	1	1	1	1	1	1	1	1	1	2	3
3699	1	2	2	2	2	2	3	3	3	2	2	3	1	1	2	2	2	3
3721	1	2	1	2	1	1	2	1	2	2	1	1	1	1	2	1	2	3
3726	3	2	2	4	4	2	4	2	4	4	2	2	2	1	3	4	2	3
3735	3	2	2	1	4	1	1	1	1	1	1	1	1	1	1	1	2	3
3749	1	1	1	1	1	1	1	1	3	2	1	1	2	1	1	2	2	3
3750	3	3	3	2	2	2	2	2	3	2	2	2	2	2	2	3	2	3
3751	1	1	1	1	1	1	1	1	3	2	1	1	1	1	1	1	2	3
3756	2	1	1	4	2	1	2	2	4	2	1	1	1	1	1	1	2	3
3788	1	2	2	2	2	1	2	2	3	2	3	1	2	1	2	2	2	3
3794	3	2	2	2	3	4	3	3	4	2.48424012367424	2	2	2	2	2	2	2	3
3807	3	2	2	2	3	4	3	3	4	1	3	1	3	2	2	3	2	3
3828	3	1	2	2	2	2	2	3	3	3	2	2	2	1	2	2	2	3
3848	1	2	1	3	2	1	2	2	3	3	2	3	1	3	2	2	2	3
3870	1	1	1	3	3	1	3	2	3	2	2	1	1	1	2	2	2	3
3874	2	2	1	2	1	2	1	1	1	1	1	1	1	1	1	1	2	3
3910	1	1	1	2	3	1	3	2	1	1	1	1	2	1	1	3	2	3
3919	2	2	2	3	2	2	4	3	4	3	3	2	2	1	3	3	2	3
3955	3	3	2	2	2	3	3	2	4	4	2	1	2	2	3	2	2	3
3956	3	2	2	2	2	4	4	4	4	2	2	2	2	2	4	2	2	3
3965	1	1	1	1	2	4	3	2	3	3	2	2	3	1	4	2	2	3
3973	4	2	2	2	2	2	4	2	4	4	2	2	1	1	2	2	1	3
3974	4	3	2	2.67199212231779	3	2	3	2	4	3	3	1	1	1	2	2	2	3
3984	1	2	2	3	3	2	2	1	3	3	2	2	1	1	1	2	2	3
3996	1	2	2	2	2	2	4	2	2	2	2	2	3	2	2	2	2	3
4013	1	1	1	1	3	1	2	1.13179623575335	1	1	1	1	1	1	1	1	2	3
4015	2	2	1	1	1	1	2	2	3	1	1	1	1	1	1	1	2	3
4047	4	4	4	1	1	4	3	2	3	1	3	1	1	3	3	2	2	3
4064	1	2	2	1	2	1	2	2	3	3	2	1	1	1	2	1	2	3
4114	2	2	1	1.97630313652355	2	2	2	2	3	1.98273261551501	2	1	2	1	1	2	2	3
4154	1	3	2	4	2	2	4	4	4	3	1	1	2	3	4	3	2	3
4165	1	1	1	2	2	1	1	1	2	2	1	1	1	1	1	1	2	3
4213	1	2	2	2	2	2	2.53096824178601	2	3	1	1	1	2	1	2	2	2	3
4235	1	2	1	2	2	2	4	2	4	4	2	3	1.59941067732563	1	2	2	1	3
4237	4	4	2	2	2	2	3	2	3	2	2	1	2	2	2	2	1	3
4252	3	2	2	2	2	2	3	2	2	3	3	2	1	1	2	3	2	3
4297	1	1	1	2	3	1	3	1	2.52262844974612	1	1	1	1	1	2	2	2	3
4302	1	2	1	1	1	1	2	2	4	3	2	2	1	2	1	1	2	3
4341	1	1	1	3	4	1	3	1	1	1	1	1	1	1	1	1	2	3
4347	1	1	1	2	3	1	1	1	1	1	1	1	1	1	1	1	2	3
4372	1	2	1	2	3	1	2	2	3	1	1	1	2	1	1	1	2	3
4373	3	1	1	2	2	3	1	1	3	2	1	2	1	1	1	2	2	3
4406	2	2	1	4	3	2	3	1	4	1	1	2	4	2	1	2	2	3
4424	1	2	2	2	2	2	2	2	2	2	2	1	1	1	2	2	2	3
4437	2	1	1	2	1	1	4	4	1	2	2	2	2	2	2	3	2	3
4453	1	2	1	1	1	1	2	1	2	1	2	3	1	1	1	1	2	3
4460	1	2	1	2	2	1	3	2	2	3	2	1	3	1	4	2	2	3
4468	4	1	1	2	2	2	2	2	4	1	1	1	1	1	1	2	2	3
4476	1	1	1	1	1	1	4	2	4	1	4	1	4	1	1	1	2	3
4490	2	2	1	2	2	1	1	1	1	1	1	1	2	1	2	2	2	3
4492	1	2	2	1	2	1	4	1	3	1	2	1	1	1	2	1	2	3
4501	1	2	3	3	4	2	3	2	4	3	2	2	1	1	2	2	2	3
4521	1	1	1	4	3	1	3	2	3	4	2	1	1	1	1	2	2	3
4544	4	2	1	3	3	4	2	2	1	1.71648415176286	3	1	1	1	2	2	2	3
4546	1	1	1	1	2	2	1	2	3	1	1	1	1	1	1	1	2	3
4553	1	2	2	3	2	1	2	1	2	1	1	1	1	1	1	2	2	3
4571	1	2	1	3	4	1	3	2	4	2	1	1	3	2	2	1	2	3
4581	1	3	2	2	1	1	4	2	4	1	1	1	1	1	1	1	2	3
4604	1	1	1	1	1	1	2	2	2	2	2	1	1	1	1	1	2	3
4629	2	1	1	1	1	1	2	2	3	2	1	1	2	1	1	2	2	3
4650	2	2	2	2	2	2	3	2	4	1	1	1	1	1	2	3	2	3
4656	1	3	3	2	3	1	3	2	2	1	2	1	2	1	2	2	2	3
4664	2	2	2	3	2	2	3	3	2	3	2	2	2	1	2	2	2	3
4670	2	2	1	1	1	1	1	2	2	1	1	1	2	1	1	1	2	3
4678	2	2	2	3	2	1	3	2	2	2	2	1	1	1	2	2	2	3
4679	3	4	2	2	2	2	2	2	2	1	1	1	2	1	2	2	2	3
4714	2	3	3	3	2	2	3	2	3	2	2	1	3	2.14120690527736	2	3	2	3
4720	1	1	1	1	2	1	2	2	1	1	1	1	2	1	3	2	2	3
4724	1	1	1	2	1	1	2	2	1	1	2	1	1	1	2	1	2	3
4763	3	1	1	2	2	2	3	1	3	2	2	1	1	1	1	2	2	3
4827	2	1	1	2	2	2	2	1	2	1	2	1	1	1	1	2	2	3
4857	1	3	2	1	2	1	2	3	3	3	1	1	2	1	2	1	2	3
4894	1	2	2	1	2	1	1	1	3	2	2	1	2	1	1	1	2	3
4903	2	1	1	2	3	1	2	2	1	1	1	1	3	1	1	2	2	3
4953	1	1	1	1	1.59152115430012	1	1	1	1	1	1	1	1	1	1	1	2	3
4955	1	2	1	2	2.03160932572017	1	3	1.815358537145	3	3	1	1	1	1	1	1	2	3
5006	1	2	1	2	3	1	2	1	3	1	1	1	1	1	2	1	2	3
5022	1	1	1	3	2	1	1	1	3	3	1	1	1	1	1	2	2	3
5039	1	2	1	2	2	1	2	1	2	1	1	1	2	2	1	2	2	3
5057	4	4	3	3	2	4	4	2	4	4	2	2	1	3	4	2	2	3
5080	2.5736711743599	2	2	2	2	3	3	2	3	2	3	1	2.51310338781099	3	2	2	2	3
5095	1	2	1	2	3	1	2	1	3	3	1	1	2	2	1	2	2	3
5100	1	2	1	1	1	1	2	2	2	1	2	2	1	1	2	1.70552858322826	2	3
5132	1	2	3	2	2	2	2	2	2	2	2	2	1.75727579481658	1.625859249945	2	2	2	3
5151	1	1	1	2	4	1	3	2	3	2	1	2	2	2	3	1	2	3
5153	2	1	1	3	2	1	3	2	2	2	2	1	1.83869330725801	2	1	2	2	3
5182	4	3	3	2	2	3	3	2	3	3	1	2	1	1	3	3	2	3
5185	2	1	1	2	2	1	2	1	3	3	1	1	1	1	1	1	2	3
5215	1	2	1	2	3	1	2	2	3	1	1	1	1	1	1	1	2	3
5219	1	1	1	1	1	2	2	2	3	2	1	1	2	1	2	2	2	3
5229	3	2	2	2	3	4	2	1	1	2	2	2	1	1	1	2	2	3
5230	2.52804605392345	2	2	1	3	3	4	2	2	1	2	2	2	2	3	2	2	3
5250	2	1	1	1	2	1	1	1	3	1	1	1	1	1	1	1	2	3
5254	4	2	2	4	3	4	4	3.07293967110767	4	3	3	1	3	1	3	2	2	3
5257	2	2	2	2	2	3	2	2	3	2	2	1	1	1	2	2	2	3
5262	1	2	2	2	1	1	4	3	4	3	3	1	1	1	2	2	2	3
5265	2	1	1	2	2	1	3	1	2	3	2	1	1	1	2	2	2	3
5273	4	3	1	4	2	2	1	1	2	1	1	1	3	3	1	1	2	3
5316	2	1	1	4	4	2	1	1	1	1	1	1	1	1	1	1	2	3
5318	2	2	2	2	2	2	2	2	3	2	2	1	1	1	1	2	2	3
5322	2	2	2	2	2	1.87434531082463	3	2	2	2	2	1	1	1	1	2	1	3
5341	1	2	2	2	2	1	2	2	2	1	1	1	2	2	2	1	2	3
5378	3	3	4	1	2	3	2	3	2	1	1	1	1	2	2	2	2	3
5383	1	2	2	1	2	2	1	1	1	1	1	1	1	1	1	2	2	3
5395	1	1	1	3	2	2	3	1	2	2	2	1	1.17591850257321	1	1	2	2	3
5398	4	3	2	2	4	4	3	2	4	2	2	2	4	4	2	2	2	3
5442	1	1	1	2	2	1	1	1	2	1	1	1	1	1	1	1	2	3
5448	2	2	2	3	3	2	3	2	2	2	2	2	2	2	3	2	2	3
5451	1	1	3	2	2	1	4	2	3	3	1	1	2	1	3	2	2	3
5471	3	2	1	2	2	2	3	2	3	1	1	1	1	1	4	2	2	3
5501	1	1	2	4	3	1	2	2	2	1	2	1	1	1	2	2	1	3
5511	1	1	1	1	1	1	1	1	1	1	1	1	1	1	2	1	2	3
5579	1	1	1	1	2	1	1	1	2	1	1	1	1	1	1	1	2	3
5588	1	2	1	2	2	2	2	1	2	2	2	1	2	2	2	1	2	3
5617	3	3	3	2	2	3	4	4	3	3	3	1	2	1	2	3	2	3
5626	2	3	1	2	3	3	1	1	3	1	1	1	1	1	2	1	2	3
5674	1	3	2	2	2	3	3	2	3	2	1	3	1	1	1	2	2	3
5695	1	1	1	2	1	1	2	2	3	2	1	1	1	1	1	1	2	3
5696	1	1	1	2	1	1	2	1	4	3	1	1	3	1	1	1	2	3
5702	2	2	2	2	2	2	2	2	2	3	2	1	2	1	2	2	2	3
5707	3	1	1	2	3	3	2	2	3	1	1	2	2	1	2	1	2	3
5780	1	1	1	2	2	1	3	3	3	4	3	2	1	1	4	1	2	3
5783	1	1	1	2	3	1	1	2	2	1	2	3	1	2	1	1	2	3
5818	2	2	2	2	2	1	2	2	2	2	2	1	2	1	1	2	1	3
5832	1	1	1	1	1	1	3	2	3	3	1	1	1	1	1	3	2	3
5871	4	1	1	3	4	3	4	3	3	2	1	2	1	1	2	3	2	3
5911	1	2	2	2	1	3	4	4	4	2	3	2	2	1	4	4	1	3
5930	2	2	1	4	4	3	4	2	4	1	1	1	2	2	1	2	2	3
5934	1	1	1	3	3	1	2	2	3	3	1	1	1	1	2	1	2	3
5992	3	1	1	1	2	1	1	1	2	1	1	1	1	1	1	1	2	3
6003	4	4	4	2	4	1	4	4	4	3	2	3	4	2	4	4	2	3
6006	1	2	2	2	3	2	3	2	3	2	2	2	2	1	3	3	2	3
6020	3	2	3	4	2	2	3	2	3	2	2	1	2	2	2	2	2	3
6033	4	2	2	2	1	2	4	4	2	2	2	2	4	2	4	4	1	3
6055	1	2	2	1	1	1	1	1	3	1	2	1	1	1	2	1	2	3
6060	2	2	2	4	3	2	2	1	4	2	2	2	3	2	2	3	2	3
6078	1	2	2	1	1	2	2	1	2	2	2	1	1	1	1	2	2	3
6104	1	1	1	2	3	1	3	2	3	2	2	1	1	1	2	1	2	3
6108	4	4	3	3	2	3	1	2	3	1	3	1	1	1	1	2	2	3
6122	2	2	2	3	3	2	2.85336736382879	2.50671324597951	3	2	2	2	2	1.73662016291613	2	2	2	3
6123	1	1	1	1	1	1	1	1	3	1	1	1	1	1	1	1	2	3
6127	1	1	2	2	2	2	3	2	3	1	2	2	2	1	2	2	2	3
6133	2	3	3	2	2	3	4	4	3	3	1	1	3	2	2	3	2	3
6148	1	2	1	3	3	1	2	2	2	2	2	2	2	1	1	2	2	3
6159	3	4	2	2	2.34017357717064	4	2	2	4	4	1	1	2	2	2	4	2	3
6173	1	2	2	2	1	1	1	1	1	1	1	1	1	1	2	2	2	3
6189	2	1	2	3	3	3	1	1	4	1	1	1	1	1	1	1	2	3
6230	2	2	2	2	2	2	4	2	4	4	1	1	2.15043387419596	1.74145166335804	2	4	2	3
6234	1	2	2	4	2	1	2	1	3	1	1	1	3	1	2	1	2	3
6247	2	2	2	2	2	2	2	2	4	2	3	1	1	1	2	2	2	3
6250	1	2	2	2	3	3	1	2	2	2	2	1	2	2	1	2	2	3
6253	3	3	3	4	4	3	3	3	4	3	2	2	2	2	3	2	2	3
6266	2	2	1	2	1	1	2	1	3	2	2	1	2	1	2	2	2	3
6281	3	2	1	1	2	3	3	2	2	1	2	1	1	1	2	2	2	3
6285	2	2	2	3	2	2	4	3	4	3	3	2	2	2	3	3	2	3
6288	1	1	1	4	4	2	4	4	3	4	3	1.99084673386092	2.2664297568329	2.04806424338359	1	3	2	3
6292	2	2	1	1	2	1	2	1	3	2	2	1	1	1	1	1	2	3
6307	3	2	2	4	4	4	2	2	2	2	4	1	2	1	2	2	2	3
6313	1	1	1	1	1	1	1	1	1	1	1	1	1	1	1	1	2	3
6321	1	1	1	2	2	2	2	1	2	2	1	1	2	2	1	1	2	3
6326	1	2	1	1	1	1	2	2	3	1	1	1	2	1	2	2	2	3
6332	1	1	1	3	3	1	2	2	2	1	1	1	2	2	1	1	2	3
6352	1	2	2	2	2	1	2	1	2	2	1	1	2	2	2	1	2	3
6383	2	2	2	2	3	1	2	2	2	2	2	1	1	1	1	1	2	3
6390	1	2	1	1	2	2	2	1	2.48184389211855	1	1	1	1	1	2	1	2	3
6404	4	2	1	1	2	4	2	1	2	2	2	1	1	1	2	2	2	3
6410	1	1	1	2	2	1	2	1	2	1	2	1	2	1	2	1	2	3
6425	1	1	1	2	2	1	2	1	3	2	1	1	1	2	2	1	2	3
6427	4	2	1	2	3	2	2	2	3	2	1	1	2	2	1	1	2	3
6430	1	1	1	1	1	2	2	2	2.36603601425509	1	1	1	1	1	1	1	2	3
6435	2	2	2	4	3	2	3	2	2	2	2	3	2	2	4	2	2	3
6443	1	1	1	2	2	1	3	2	2	2	2	1	2	1	3	2	2	3
6453	1	1	1	3	2	1	2	1	4	2	2	1	3	1	1	2	2	3
6479	1	3	2	1	2	2	4	1	3	2	1	1	1	1	2	2	2	3
6503	1	2	2	1	2	2	1	1	2	1	1	1	1	1	1	1	2	3
6509	1	1	1	2	2	1	2	1	3	2	2	2	2	2	1	1	2	3
6513	1	1	1	1	1	1	1	1	1	1	1	1	1	1	1	1	2	3
6517	1	1	1	1	1	1	1	1	1	1	1	1	1	1	1	1	2	3
6522	1	2	1	1	2	1	1	1	4	1.6173270653277	1	2	1	1	1	1	2	3
6529	1	2	2	2	3	3	3	3	4	3	2	1	3	2	2	1	2	3
6537	4	3	2	2	2	3	3	2	3	2	2	3	1	2	2	2	2	3
6545	3	2	2	2	3	3	2	3	2	2	2	2	2	2	2	2	2	3
6569	3	3	2	1	2	3	2	1	3	1	1	1	1	2	1	2	2	3
6587	1	1	1	2	1	1	1	2	3	2	1	1	2	1	2	1	2	3
6672	4	2	2	2	3	3	3	3.04536920133497	3	3	2	2	3	2	3	3	1	3
6696	1	1	1	2	2	1	3	1	2	2	1	1	2	1	1	1	2	3
6706	4	2	1	4	2	4	4	2	3	1	1.60278706704642	1	1	1.26872584756407	2	2	2	3
6724	1	2	2	2	3	2	3	2	4	2	2	1	1	1	1	1	2	3
6743	1	1	1	2	1	1	1	1	3	2	1	1	1	1	1	1	2	3
6773	2	2	1	2	2	2	2	2	2	2	2	1	2	2	3	2	2	3
6783	1	1	1	1	1	1	1	3	1	1	1	1	1	1	1	1	2	3
6797	4	2	2	2	2	3	2	1	4	1	2	1	1	1	2	1	2	3
6816	1	1	1	2	2	1	2	2	3	3	1	1	1	1	1	1	2	3
6838	1	2	2	2	2	1	2	1	2	1	1	1	1	1	1	1	2	3
6845	1	1	1	2	3	1	2	2	2	2	1	1	1	1	2	2	2	3
6853	2	2	2	2	3	3	1	1	4	1	2	1	2	1	1	3	2	3
6857	4	2	4	3	3	2	2	3	2	1	3	1	1	1	1	2	2	3
6867	3	1.70628808832829	1	2.06274129821669	2	2	2	2	3	1	1	1	2	2	3	2	2	3
6896	1	1	1	2	3	1	3	2	2	1	1	1	1	2	2	1	2	3
6910	1	1	1	4	1	1	2	1	1	1	3	1	1	2	4	4	2	3
6926	2	2	1	2	2	1	2	1	3	1	1	1	1	1	2	2	2	3
6930	1	1	1	3	3	2	3	2	1	3	3	2	2	1	1	2	2	3
6976	2	2	2	2	2	2	2	2	2	2	2	1	1	1	1	2	2	3
7010	2	1	1	2	2	4	2	2	4	1	2	1	1	1	1	2	2	3
7011	3	2	2	3	2	4	4	2	3	2	2	2	1	1	2	2	2	3
7033	3	2	1	3	3	2	3	1	2	3	1	1	1	1	1	2	2	3
7039	2	2	2	2	3	1	3	2	3	3	2	1	1	1	2	2	2	3
7062	1	2	1	1	1	1	1	1	2	1	1	1	1	1	1	1	2	3
7070	2	2	2	2	2	2	2	2	2	2	2	1	1	1	1	1	2	3
7074	1	2	2	2	3	1	2	2	2	2	2	1	1	1	2	1	2	3
7109	1	1	1	1	1	1	1	1	3	1	1	1	1	1	1	1	2	3
7131	1	1	1	1	2	1	1	1	3	1	1	1	1	1	1	1	2	3
7142	3	2	2	1	2	3	3	2	3	2	1	1	1	1	1	3	2	3
7148	2	1	1	1	2	1	1	1	1	1	2	1	1	1	1	1	2	3
7150	1	1	1	1	1	1	2	1	1	1	1	1	1	1	1	1	2	3
7159	1	1	1	2	2	1	2	1	2	1	2	1	1	1	2	2	2	3
7177	4	4	2	1	1.45915129210293	2	2	1	4	4	1	1	1.99299927770453	1.58552147445681	1.79689793789558	1.53848650795752	2	3
7257	4	4	1	4	3	1	4	3	1	1	1	1	1	1	1	2	1	3
7278	1	1	1	1	2	1	3	1	3	1	1	1	1	1	1	1	2	3
7279	4	3	1	4	2	1	2	2	2	1	3	1	2	1	1	1	2	3
7286	4	2.01594531710204	1.77924075989419	2.8938966789968	4	4	2.489072657324	1	1	1	1	1	1	1	4	1	2	3
7295	1.93371546881423	3	2	1	1	1	2.21691914405601	1.9662053440973	2	1.83007477973872	2	1	3	1	2	2	2	3
7299	1	1	1	1	1	2	2	2	3	2	1	1	1	1	1	1	2	3
7313	1	2	2	1	1	1	2	1	1	2	2	1	2	1	2	1	2	3
7327	1	1	1	4	4	1	3	3	4	3	1	2	4	4	4	3	2	3
7346	1	1	1	1	4	1	1	1	3	1	1	1	1	1	1	1	2	3
7368	1	1	1	3	3	3	3	2	3	1	2	1	3	2	4	2	2	3
7394	3	1	1	2	2	1	2	2	2	3	2	1	2	2	2	2	2	3
7415	1	1	1	1	1	1	1	1	4	1	4	3	1	1	2	2	2	3
7417	1	2	1	4	3	1	3	3	3	4	1	1	3	2	4	3	2	3
7444	4	2	2	2	2	4	3	2	2	1	2	1	1	1	2	2	2	3
7454	3	1	1	4	4	1	2	1	2	2	3	1	1	1	2	2	2	3
7464	1	2	1	1	1	1	1	1	2	2	1	1	1	1	1	1	2	3
7487	1	1	1	2	2	1	4	2	4	4	1	1	2	1	3	3	2	3
7518	2	2	2	2	3	2	1	1	1	1	1	1	1	1	1	1	2	3
7523	4	1	1	1	1	3	1	1	2	1	1	1	2	1	1	1	2	3
7534	1	1	1	1	1	1	1	1	1	1	1	1	1	1	1	1	2	3
7536	4	2	1	2	3	3	4	3	2	2	1	2	3	2.02016232404004	2	2	2	3
7569	4	1	1	3	4	1	2	1	3	2	1	1	1	1	2	1	2	3
7622	4	4	2	2	3	3	3	2	1	1	1	1	1.63328607888086	1	1.94818517662499	2.25521807334338	1	3
7627	1.87787764477325	2	1	2	3	2	1	1	3	3	1	1	1	1	2	2	2	3
7629	2	1	1	2	2	2	2	2	2	2	2	1	1	1	2	2	2	3
7644	2	2	1	2	2	1	3	3	2	3	1	1	3	1	1	2	2	3
7654	1	1	1	2	3	1	2	2	2	2	1	1	1	1	1	1	2	3
7657	3	2	4	2	2	2	4	2	4	2	4	2	2	2	4	4	2	3
7667	2	1	1	3	3	1	3	1	3	2	2	1	1.84050919017508	2	2	1	2	3
7739	3	2	2	2	2	2	3	2	3	2	2	2	1	2	2	3	2	3
7743	2	2	2	3	2	3	3	2	3	2	2	1	1	1	1	1	2	3
7815	1	2	2	3	2	2	2	2	2	2	2	2	1	2	2	2	2	3
7856	1	1	1	2	3	1	2	2	4	1	1	1	1	1	1	1	2	3
7951	2	1.81929196543805	1.61150154032946	2	2.03142243008423	4	2	1	2	4	1	1	1	2	4	2	2	3
7969	3	1	1	2	2	2	4	2	3	2	2	1	1	1	2	3	2	3
7987	1	1	1	2	1	1	2	1	2	1	1	1	1	1	1	1	2	3
8081	1	2	1	3	3	1	4	1	1	1	1	4	1	1	1	2	2	3
8087	2	2	2	1	2	1	2	2	2	2	2	2	1	1	2	2	2	3
8095	4	2	1	2	3	1	2	2	2	1	1	1	2	2	2	2	2	3
8164	2	2	3	2	3	3	3	1	3	3	1	1	3	3	2	2	2	3
8180	1	2	2	2	3	2	2	2	2	2	2	1	2	1	2	2	2	3
8185	2	1	1	2	2	2	2	2	3	4	2	1	1	1	3	1	2	3
8196	4	4	1	1	1	4	4	4	4	1	3	1	4	1	2	3	2	3
8202	1	1	1	2	3	1	1	1	3	1	1	1	1	1	1	1	2	3
8215	4	2	1	2	2	1	3	1	3	3	1	1	1	1	3	1	2	3
8223	2	2	2	2	2	2	2	2	2	2	2	1	2	1	2	2	2	3
8246	4	2	2	4	2	4	4	2	3	4	4	1	3	2	4	3	2	3
8263	2	1	1	4	3	2	3	2	3	2	2	1	1.47393309088783	1.24012860256917	1	2.04403697568477	1	3
8270	4	1	1	4	2	4	3	2	3	1	1	1	2	2	2	2	2	3
8273	1	1	1	2	3	1	1	1	2	1	1	1	1	1	1	1	2	3
8301	2	2	2	3	2	1	3	2	3	2	1	1	2	1	3	2	2	3
8323	1	2	1	1	1	1	2	1	2	1	1	1	2	1	1	1	2	3
8361	1	1	1	1	1	1	1	1	2	1	1	1	1	1	1	1	2	3
8365	1	1	1	1	1	1	1	1	2	2	2	1	1	1	1	2	2	3
8373	3	2	2	1.85553942078726	2	2	2	1	2	1.23414882835069	1	1	1	1	2	1	2	3
8390	4	3	3	3	2	4	3	1	2	2	2	1	3	4	2	2	2	3
8418	3	2	2	3	3	1	1	1	3	1	2	1	2	1	1	1	2	3
8436	1	2	2	4	4	2	3	2	2	2	2	2	1	1	2	4	1	3
8450	1	2	2	2	4	3	4	4	4	4	2	2	2	2	4	4	1	3
8457	4	1	1	1	1	2	1	1	3	1	1	1	3	3	1	1	2	3
8458	2	2	2	2	2	2	2	2	2	3	2	1	1	1	2	3	2	3
8474	1	1	1	1	1	1	3	3	2	2	2	1	2	1	3	3	2	3
8501	2	1	1	4	4	3	4	4	4	4	1	1	2	2	1	4	2	3
8532	2	3	2	4	4	1	3	1	3	1	1	1	2	2	1	2	2	3
8536	1	2	1	2	1	2	1	1	1	2	2	1	1	1	1	1	2	3
8539	1	2	3	3	2	2	3	2	3	2	2	2	2	2	2	1	2	3
8551	1	1	1	1	2	3	2	2	2	1	3	1	1	1	2	1	2	3
8600	1	1	1	2	1	2	2	2	2	1	1	1	1	1	1	1	2	3
8608	2	1	1	1	2	2	2	1	2	1	1	1	1	1	1	2	2	3
8641	2	1	1	4	3	4	4	4	2	3	2.1780408654867	1	4	4	2	4	1	3
8675	3	2	2	2	3	2	3	2	3	2	2	2	2	2	2	2	2	3
8688	3	2	1	2	2	3	2	1	4	3	2	1	3	2	2	1	2	3
8707	3	2	2	2	2	3	3	3	3	2	2	2	2	3	4	3	2	3
8724	4	3	3	4	3	4	2	1	4	3	2	4	3	1	1	1	1	3
8733	2	1	1	2.31887486840886	3	2	2	2.06580559911752	3	2	2	1	1.60366075366382	1.37233329615501	2	2	2	3
8754	3	2	2	1	1	2	2	1	3	3	2	1	2	1	3	2	2	3
8785	1	2	2	3	3	2	3	2	3	1	1	1	2	1	2	2	2	3
8793	2	1	1	2	3	2	3	3	3	2	3	1	2	1	1	2	2	3
8806	1	1	1	1	1	1	1	1	2	1	1	1	1	1	1	1	2	3
8821	2	1	1	2	1	1	1	1	2	1	1	1	1	1	1	2	2	3
8832	2	1	1	1	1	1	1	2	2	1	2	2	1	1	2	2	2	3
8866	3	3	1	2	2	2	3	2	2	1	1	1	3	2	2	2	2	3
8886	1	1	2	1	1	1	2	2	2	1	1	1	1	1	1	2	2	3
8925	1	1	1	4	4	1	3	2	3	2	2	1	1	1	1	1	2	3
8947	4	4	1	4	4	4	4	4	1	1	4	1	1	1	4	4	2	3
9028	2	2	1	2	2	1	1	1	2	3	2	1	1	1	1	1	2	3
9071	1	3	2	2	1	1	2	2	4	3	1	2	2	2	2	1	2	3
9072	2	2	1	2	2	3	1	1	2	1	1	1	1	1	1	1	2	3
9075	2	4	4	3	4	2	4	4	4	4	4	4	2	2	2	2	1	3
9087	1	1	1	1	4	1	3	2	4	4	3	1	1	1	1	1	2	3
9123	1	1	1	1	1	1	2	2	3	1	1	1	1	1	2	1	2	3
9137	2	1	1	3	3	2	3	2	2	1	2	1	2	1	3	2	2	3
9152	3	2	2	2	2	4	3	2	4	1	3	1	2	1	2	2	2	3
9154	4	3	4	4	4	4	4	4	3	1	1	1	4	3	4	4	2	3
9166	1	1	1	2	3	1	2	1	2	1	1	1	1	1	2	1	2	3
9185	4	4	3	3	2	2	2	2	3	4	1	1	2	1	1	1	2	3
9198	4	2	2	2	3	3	2	2	3	2	2	2	2	1	2	2	1	3
9233	3	2	1	3	3	3	2	1	3	1	1	2	1	2	2	2	2	3
9272	1	2	2	2	1	2	2	1	1	3	1	1	2	1	1	1	2	3
9285	3	2	3	2	2	4	3	3	4	4	4	2	4	2	4	4	2	3
9294	3	2	2	2	2	2	3	2	3	3	2	2	2	1	2	3	2	3
9321	2	2	1	3	3	2	2	3	3	2	2	1	2	2	2	2	2	3
9335	1	1	1	1	1	1	1	1	1	1	1	1	1	1	1	1	2	3
9362	1	1	1	2	2	1	3	2	4	2	2	2	2	2	3	3	2	3
9372	3	1	1	1	1	2	1	1	2	1	1	1	1	1	1	1	2	3
9388	3	1	2	2	1	3	4	3	2	2	1	2	2	2	3	2	2	3
9444	2	3	2	2	2	1	3	2	3	1	2	1	1	1	2	1	2	3
9482	3	1	1	2	4	2	4	4	4	2.16065517773944	1	1	2	2	1	2	2	3
9510	4	1	1	4	3	1	4	4	4	4	1	1	2	3	2	2	2	3
9538	1	1	1	4	4	2	3	1	1	3	1	1	2	2	1	2	2	3
9559	1	2	1	2	2	2	2	2	2	1	2	2	1	1	2	1	2	3
9568	1	1	1	1	2	1	2	1	1	1	1	1	1	1	2	1	2	3
9569	3	2	2	2	3	2	3	2	2	2	3	2	2	1	3	1	2	3
9584	1	1	2	2	2	2	2	2	1	2	2	2	2	1	2	1	2	3
9585	3	2	1	4	4	2	4	4	4	4	2	2	4	2	4	4	1	3
9608	2	1	1	2	2	2	3	3	3	2	4	1	1	1	3	3	2	3
9609	1	2	4	4	1	1	4	4	4	4	2	2	2	2	4	4	2	3
9612	1	2	2	3	1	2	2	1	2	2	1	1	3	1	2	1	2	3
9619	2	1	1	2	2	2	1	3	3	2	2	1	1	1	2	2	2	3
9660	1	1	1	2	1	1	2	1	2	1	1	1	1	1	1	1	2	3
9716	3	2	2	2	3	2	3	1	2	2	2	1	2	1	2	1	2	3
9720	1	1	1	1	2	1	2	2	2	1	1	1	1	1	2	2	2	3
9734	1	1	1	2	2	1	4	1	4	4	1	1	2	2	4	2	2	3
9761	1	1	1	1	1	1	2	2	1	1	1	3	1	1	2	2	2	3
9802	1	2	2	2	2	2	2	1	3	2	2	1	1	1	1	1	2	3
9844	3	1	1	2	2	2	2	1	2	2	2	1	1	1	1	2	2	3
9876	1	2	2	2	3	1	3	2	2	1	1	1	1	1	3	1	2	3
9877	1	1	1	1	1	1	1	1	1	1	1	1	1	1	1	1	2	3
9878	4	3	1	4	1	3	4	2	4	4	2	2	1	2	3	4	2	3
9880	1	1	1	4	3	1	3	1	1	1	1	1	3	2	1	1	2	3
9882	4	2	2	2.56192002833872	3	4	2.38615603670012	2	2	1	1	1	1.47801440335168	1	1	1.96822697568675	1	3
9892	1	2	2	3	2	3	1	1	3	3	1	1	2	1	2	1	2	3
9948	1	1	1	1	1	1	2	2	3	1	1	1	3	2	2	2	2	3
9954	2	2	2	3	3	2	4	3	3	2	3	2	2	2	3	3	2	3
9971	2	1	1	3	3	1	2	1	4	3	2	2	1	1	1	1	2	3
9985	3	2	2	2	3	2	2	2	2	1	1	1	1	1	2	2	1	3
10056	4	3	4	4	1	3	3	2	3	2	2	2	3	1	4	2	2	3
10083	2	2	1	3	3	2	2	1	2	1	2	1	2	1	2	1	2	3
10100	1	1	1	3	3	2	4	4	4	2	1	2	1	1	2	3	2	3
10107	3	2	2	2	3	3	3	2	3	2	3	2	2	2	2	2	2	3
10158	1	1	1	2	3	1	1	1	1	1	2	1	1	1	1	1	2	3
10185	3	3	3	2	2	2	2	2	2	1	1	1	2	1	2	2	2	3
10188	1	2	1	1	2	1	2	1	2	1	1	1	1	1	1	1	2	3
10195	1	1	1	2	2	1	3	2	1	1	1	1	2	1	2	3	2	3
10204	4	4	4	2	4	4	2	4	4	2	2	2	2	2	2	1	2	3
10257	4	2	2	2	1	2	2	2	3	3	3	2	2	2	3	3	2	3
10264	2	2	2	2	2	2	2	2	2	2	2	1	2	1	2	2	2	3
10265	3	1	2	3	3	2	3	2	4	3	3	2	2	3	2	2	2	3
10274	3	1	1	2	2	1	3	2	2	1	1	1	1	1	3	3	2	3
10289	1	1	2	3	4	2	3	3	3	2	1	1	1	1	2	1	2	3
10343	1	3	1	3	1	1	2	1	3	1	1	1	1	1	2	1	2	3
10345	1	2	2	2	2	1	2	1	3	1	1	1	1	1	1	1	2	3
10385	1	1	1	3	3	1	1	1	1	1	1	1	1	1	1	2	2	3
10389	1	1	1	1	4	1	1	1	3	1	1	1	1	2	1	1	2	3
10442	2	1	1	2	4	2	2	1	2	1	1	1	2	1	1	2	2	3
10494	1	1	1	3	3	1	2	1	2	2	1	1	1	1	1	1	2	3
10518	3	1	2	2	2	2	1	1	2	1	1	1	1	1	2	1	2	3
10520	4	2	1	4	3	2	3	2	4	2	2	2	2	1	2	2	2	3
10575	1	2	1	1	2	1	2	1	3	1	2	1	2	1	1	1	2	3
10579	1	2	1	2	3	1	3	2	4	1	1	1	1	1	1	1	2	3
10593	2	3	2	4	3	2	3	3	3	2	2	2	2	2	2	2	2	3
10601	2	2	1	2	3	1	3	2	3	2	2	1	1	1	1	1	2	3
10604	1	2	3	3	3	3	4	2	3	3	2	2	2	2	3	3	2	3
10649	4	1	1	2	4	1	2	1	1	4	1	1	3	1	2	1	2	3
10659	2	1	1	1	1	1	2	2	3	1	1	1	1	1	1	1	2	3
10667	1	1	2	3	3	1	3	2	3	2	2	1	2	2	2	2	2	3
10706	1	1	1	3	3	2	3	3	2	2	3	2	2	2	4	4	2	3
10739	1	1	1	2	2	1	2	2	3	2	1	1	2	1	2	2	2	3
10752	4	1	1	2	2	1	3	1	2	1	1	1	1	1	1	2	2	3
10760	2	2	2	1	2	2	1	2	3	1	1	1	1	2	2	2	2	3
10788	1	1	1	1	1	1	2	1	2.48163319735111	2	3	1	1	1	2	2	2	3
10990	1	2	2	2	2	1	3	2	3	1	2	1	2	1	2	2	2	3
11008	1	1	1	2	3	1	2	2	2	3	2	1	2	1	3	1	2	3
11051	1	2	1	2	2	2	1	1	2	1	1	1	1	1	1	2	2	3
11054	1	2	1	2	4	1	4	4	4	2	2	2	2	2	2	4	2	3
11063	1	1	1	2	3	1	1	1	3	1	2	1	1	1	1	1	2	3
11069	2	2	2	2	2	3	2	2	3	1	2	1	1	1	2	2	2	3
11078	4	2	2	3	4	3	3	2	3	3	3	2	3	2	3	2	2	3
11123	4	1	1	1	1	1	1	1	3	2	1	1	1.25787356131515	1	1	1	2	3
11139	2	1	2	3	3	1	3	2	2	2	2	2	3	3	4	3	2	3
11165	4	1	1	3	2	1	2	2	3	2	3	1	1	1	1	1	2	3
11296	1	1	1	1	1	1	1	1	2	1	1	1	1	1	1	2	2	3
11371	1	2	2	2	3	2	2	2	4	2	2	2	1	1	2	2	2	3
11423	1	1	1	2	1	2	2	2	3	2	2	1	1	2	1	1	2	3
11424	4	2	2	2	2	2	3	3	4	4	3	3	2	2	2	2	2	3
11431	2	2	2	1	1	1	3	3	2	3	2	1	2	1	2	2	2	3
11436	1	1	1	2	1	1	1	1	2	1	1	1	1	1	1	1	2	3
11454	1	2	2	2	2	1	1	1	3	1	1	1	1	1	1	1	2	3
11497	1	2	1	2	2	1	3	2	2	2	2	1	2	1	2	2	2	3
11509	2	2	2	2	2	2	2	2	3	4	3	2	1	2	2	3	1	3
11549	4	4	3	3	2	2	4	4	3	2	4	2	1	1	1	2	2	3
11571	3	2	2	3	3	2	3	2	3	2	2	2	2	2	2	3	1	3
11572	4	3	3	3	3	4	4	3	4	4	1	3	4	3	3	3	2	3
11585	1	1	1	3	2	2	3	3	3	2	2	1	2	1	4	2	2	3
11617	2	2	2	2	1	2	4	2	3	3	1	1	1.65699609214902	1	3	3	2	3
11622	1	2	2	2	2	2	2	2	2	2	2	2	2	2	2	2	2	3
11644	1	1	1	4	4	1	2	3	3	1	2	1	2	1	1	2	2	3
11647	1	1	1	2	2	1	3	1	3	1	1	1	1	1	2	2	2	3
11651	1	1	1	1	1	1	3	2	4	1	1	1	1	1	1	1	2	3
11723	2	1	1	1	2	2	2	1	2	1	1	1	1	1	2	1	2	3
11745	1	2	2	2	2	1	1	1	3	1	1	1	1	1	1	1	2	3
11753	3	1	1	1	1	3	1	1	1	1	1	1	1	1	1	1	2	3
11781	1	1	1	1	2	1	1	1	3	1	1	1	1	1	1	1	2	3
11805	2	2	3	2	2	2	2	1	4	1	1	1	1	1	2	2	2	3
11811	1	2	1	2	2	1	2	2	2	3	2	1	1	1	1	2	2	3
11824	2	3	2	2	2	1	4	3	3	2	2	2	2.36002695378251	2	4	3	2	3
11827	3	1	1	1	1	1	1	1	1	1	1	1	1	1	1	1	2	3
11837	1	1	1	1.64535879042035	1.94698815446144	1	1	2	2.25983526882848	1	1	1	1	1	1	1	2	3
11842	1	1	2	1	1	1	2	1	2	2	1	1	1	1	2	2	2	3
11880	1	3	2	2	2	1	4	1	1	1	1	1	1	1	2	2	2	3
11892	2	2	2	2	2	2	1	2	2	1	2	1	2	1	2	2	2	3
11945	1	1	1	2	2	1	3	3	4	3	1	1	1	1	1	2	2	3
11959	2	1	2	1	2	2	2	2	3	2	2	1	1	1	1	1	2	3
12000	3	1	1	2	2	2	1	1	2	1	1	1	1	1	2	1	2	3
12003	1	1	2	2	1	1	1	2	2	1	1	1	1	1	1	1	2	3
12007	4	1	1	1	1	4	1	1	1	1	1	1	1	1	1	1	1	3
12009	2	1	1	2	2	2	2	2	3	1	1	1	1	1	2	1	2	3
12011	1	2	2	3	3	2	2.95495245810549	2	4	2	2	2	2	2	2	2	2	3
12015	1	1	1	2	2.19495486776659	2	1	1	2.21418344101824	1	1	1	1	1	2	2	2	3
12063	3	2	2	2	2	2	2	2	3	1	1	1	2	1	2	2	2	3
12083	4	4	2	4	3	2	4	4	4	4	1	1	2	1	3	2	2	3
12121	1	1	1	1	2	1	1	1	2	1	2	1	1	1	1	1	2	3
12137	1	2	1	2	3	1	2	1	3	1	1	1	1	1	2	1	2	3
12159	1	2	1	1	3	2	2	1	3	1	1	1	1	1	2	1	2	3
12232	1	1	1	1	1	1	2	2	3	2	2	1	1	1	1	1	2	3
12244	4	1	1	2	3	4	2	1	3	2	2	1	4	3	1	1	2	3
12248	2	1	1	2	2	2	2	2	2	1	1	1	2	2	2	1	2	3
12263	1	1	1	2	3	2	2	2	3	2	2	1	1	1	2	2	2	3
12278	2	1	1	1	1	1	2	1	3	1	1	1	1	1	2	1	2	3
12295	1	1	1	2	3	1	2	2	3	1	1	1	1	1	1	1	2	3
12307	2	2	1	2.4154068089968	3	3	2	2	3	3	2	1	1	1.13977261397789	1	2	2	3
12343	2	2	2	4	3	2	3	2	3	3	1	2	2	1	3	2	2	3
12359	2	4	3	3	3	4	4	4	4	4	1	4	2	1	4	2	2	3
12376	4	2	2	2	1	4	4	1	4	1	1	1	1	1	2	2	2	3
12387	1	2	1	2	2	2	2	1	2.62395891998147	2	1	1	1.25597435172567	1	1	2	2	3
12417	2	1	1	3	2	1	2	1	2	1	1	1	1	1	1	2	2	3
12426	1	2	2	3	3	2	4	2	3	1	1	1	2	1	3	3	2	3
12483	1	3	3	2	2	2	3	2	4	2	2	3	3	2	3	2	2	3
12496	1	2	2	1	1	1	1	1	3	1	1	1	1	1	1	1	2	3
12505	1	2	2	3	3	1	3	2	4	2	2	2	1.90073085651998	1.71735509779079	2	3	2	3
12512	1	2	1	2	3	1	1	2	3	2	2	1	1	1	1	1	2	3
12514	1	2	1	3	3	1	2	2	3	2	2	1	1	1	1	1	2	3
12525	1	2	1	2	2	1	2	2	1	1	1	1	1	1	1	2	2	3
12538	1	1	1	2	2	1	2	4	3	3	2	1	2	1	1	1	2	3
12547	1	1	1	2	3	1	1	1	4	3	1	1	1	1	1	1	2	3
12579	2	3	2	2	2	2	2	2	3	3	2	1	2	2	2	1	2	3
12580	1	2	2	2	2	2	4	2	2	1	2	1	4	2	2	2	2	3
12643	1.69722196421908	1	1	1	2	2	2	2	3	2	2	1	2	1	1	1	2	3
12666	1	1	1	3	2	2	3	2	3	1	2	1	2	1	1	2	2	3
12714	1	2	2	3	3	3	3	2	3	1	2	1	2	2	2	2	2	3
12719	4	2	1	2	3	1	4	3	3	2	2	2	4	2	2	2	2	3
12730	1	1	1	1	2	1	2	2	2	1	1	1	1	1	1	2	2	3
12751	3	3	2	2	2	2	4	2	4	4	2	2	4	4	4	2	2	3
12766	1	2	2	3	2	2	2	2	4	2	2	1	2	2	2	2	2	3
12848	4	1	1	1	1	2	2	1	3	1	1	1	2	1	1	1	2	3
12899	3	1	1	2	2	1	1	1	1	1	1	1	1	1	1	2	2	3
12919	4	2	2	2	3	2	1	1	3	2	2	1	1	1	2	2	2	3
12943	3	1	1	2	3	1	3	1	4	1	1	1	1	1	2	1	2	3
12976	2	2	2	2	2	1	3	2	3	3	2	1	2	2	2	2	2	3
12982	2	3	2	1	4	3	1	2	4	2	2	1	2	1	1	1	2	3
13019	2	2	1	2	4	3	4	3	4	2	2	4	1	1	3	3	2	3
13138	1	1	1	2	3	1	2	2	3	1	1	1	1	1	1	2	2	3
13154	3	3	2	2	2	3	3	2	3	2	2	1	2	2	3	2	2	3
13158	1	1	1	3	3	2	2	2	2	1	1	1	1	1	1	2	2	3
13168	3	3	1	1	1	1	2	1	4	3	3	1	1	1	3	1	2	3
13210	1.74070707124155	1	2	2	2	1.72523269270698	3.21511812105423	2.88983892201733	4	4	2.19850316771845	1.74579509580852	2.15703041932895	1.82621081448235	2.82735647516068	2.48843424461715	2	3
13221	1	1	1	1	3	1	1	1	2	3	2	1	1	1	1	1	2	3
13302	1	4	1	4	4	1	4	4	4	1	1	1	1	1	4	4	2	3
13346	2	1	1	3	2	1	2	2	3	2	2	1	2	1	2	1	2	3
13349	1	2	1	2	2	1	2	2	3	1	1	1	1	1	2	2	2	3
13353	2	2	2	2	2	2	2	2	3	3	2	2	2	3	2	2	2	3
13384	1	1	1	2	2	1	2	1	3	1	1	1	2	1	2	2	2	3
13398	3	1	1	2	2	2	1	1	2	2	1	1	1	1	1	1	2	3
13440	1	1	1	2	3	2	2	2	2	2	1	1	1.36350386245298	1	1	1	2	3
13449	1	1	1	1	1	1	1	1	3	1	1	1	2	2	2	1	2	3
13455	1	2	1	2	2	2	2	2	2	2	2	1	2	1	2	2	2	3
13485	1	1	1	3	2	1	3	2	3	2	2	2	2	1	3	3	2	3
13534	1	1	1	1	2	1	2	1	2	2	1	1	1	1	1	1	2	3
13569	1	2	1	2	3	1	2	1	2	1	1	1	2	2	2	1	2	3
13570	3	2	3	2	2	3	2	3	3	2	2	1	2	2	3	2	2	3
13572	1	1	1	3	3	1	2	2	3	1	2	1	1	1	2	1	2	3
13579	3	2	2	3	3	3	2	2	3	1	2	1	2	2	2	2	2	3
13593	2	1	1	2	2	1	3	2	4	2	2	1	2	1	3	2	2	3
13614	4	3	3	2	2	4	3	2	3	1	2	2	3	1	4	2	2	3
13645	4	1	1	1	1	1	1	1	4	1	1	4	1	1	4	1	2	3
13655	2	2	2	2	2	3	3	2	2	1	1	2	1	1	2	1	2	3
13659	1	1	1	2	4	1	2	2	3	3	1	1	4	1	4	2	2	3
13669	4	2	2	4	4	4	4	4	2	3	2	2	2	2	4	3	2	3
13671	2	1	1	2	2	2	2	1	3	3	2	1	2	1	1	3	2	3
13696	1	1	1	2	1	1	2	1	4	1	1	1	1	1	2	1	2	3
13740	3	2	1	1	1	1	1	1	3	1	1	1	1	1	1	1	2	3
13821	1	2	2	2	2	2	2	2	3	2	2	1	3	1	1	2	2	3
13825	2	2	2	2	3	1	1	1	2	1	1	1	1	1	2	1	2	3
13871	1	1	1	2	2	2	2	2	2	2	1	2	2	2	1	1	2	3
13886	1	1	1	1	1	1	2	2	2	1	1	1	1	1	1	1	2	3
13901	4	4	3	4	2	4	4	2	4	4	2	1	2	2	4	4	2	3
13940	4	1	1	4	3	4	3	3	2	1	1	1	1	1	2	1	2	3
13949	1	1	1	3	3	1	4	3	3	3	2	1	2	2	3	1	2	3
14032	1	1	1	2	3	1	2	1	2	2	2	1	2	1	1	1	2	3
14082	4	1	1	1.11087550501991	1	1.90096821175678	1	1	2	1	1	1	1	1	1	1	2	3
14094	1	1	2	1	1	1	3	1	2	1	1	1	2	1	1	1	2	3
14102	1	1	1	1	1	1	1	1	3	1	2	1	1	1	1	1	2	3
14103	3	2.4319425258864	2.15945417091547	3	3	4	3	2	3	2	1.90519601572169	1.72578823112086	3	2.24342243782102	2	3	2	3
14162	1	1	1	3	2	1	4	4	4	1	1	1	1	1	4	1	2	3
14183	4	2	1	2	3	4	3	2	2	2	3	1	3	2	2	4	2	3
14190	2	1	1	2	2	1	3	2	3	3	2	2	2	2	3	2.23690795752455	2	3
14219	3	3	3	4	3	1	3	2	3	1	1	2	1	1	3	3	1	3
14229	3	2	2	3	3	2	2	1	2	2	2	2	2	3	2	2	2	3
14248	1	1	1	2	2	1	2	2	2	2	2	1	2	1	2	2	2	3
14285	1	2	2	3	2	2	2	2	3	1	2	1	2	1	1	2	2	3
14311	4	2	1	1	2	3	3	3	4	1	2	1	2	1	2	1	2	3
14383	1	1	1	3	4	2	2	1	1	1	1	1	2	1	2	2	2	3
14388	1	2	1	2	2	1	2	1	3	1	1	1	2	2	1	2	2	3
14401	1	1	1	2	4	2	3	2	4	1	1	1	1	1	2	3	2	3
14453	1	2	2	1	1	1	2	1	3	1	2	1	1	1	1	1	2	3
14462	2	2	1	1	2	2	4	3	3	1	1	1	1	1	4	3	2	3
14492	2	2	2	2	2	2	3	2	2	1	2	1	2	2	2	2	2	3
14500	1	2	2	2	2	2	2	2	3	1	1	1	1	1	2	1	2	3
14505	1	1	1	4	3	4	4	3	2	1	1	2	4	2	4	4	2	3
14508	3	2	2	3	3	1	3	2	3	2	1	1	3	2	2	2	2	3
14519	1	1	1	1	2	1	3	2	4	3	1	1	1	1	4	3	2	3
14533	3	3	2	2	3	3	2.52740812392907	2	3	2	2	2	2	1	2	1.9479243078732	2	3
14538	1	2	2	4	4	1	3	3	4	2	1	1	3	2	2	2	2	3
14565	1	1	1	1	1	1	1	1	1	1	1	1	1	1	1	1	2	3
14614	4	3	3	3	1	2	2	4	2	3	2.47519959020079	2	2.14663055544927	1.69833946111038	2	2	1	3
14626	2	2	3	4	3	3	3	2	3	3	2	2	2	2	2	3	2	3
14661	1	2	2	2	4	2	2	1	4	2	1	1	1	1	2	2	2	3
14755	4	1	2	4	4	4	2	1	2	1	1	1	1	1	2	2	2	3
14767	1	2	1	1	1	1	2	1	2	1	1	1	1	1	1	1	2	3
