5	2	2	1	2	1	1	3	2	2	1	1	1	1.4512418370884	1	3	3	2	2
9	2	1	1	99	99	3	3	3	3	2	2	2	2	2	2	2	2	1
19	1	2	2	99	99	1	1	1	1	1	1	1	1	1	1	1	2	3
21	1	4	3	4	4	4	4	4	1	1	1	1	2	1	4	4	2	1
30	3	2	1	3	1	1	3	1	3	2	2	1	2	2	2	1	2	2
32	2	1	1	2	1	1	2	1	4	4	1	1	2	1	1	2	2	3
35	4	4	4	3	3	4	4	4	4	4	1	1	4	2.51543428091071	3	1	2	2
37	1	2	1	1	1	1	1	1	1	3	1	1	1	1	1	1	2	2
42	2	2	2	2	2	2	2	2	2	2	3	2	2	2	2	2	2	2
59	3	2	2	4	2	3	3	2.34411781222158	4	3	2	1	1.99851040709538	1.68844721953412	2	2	2	2
60	1	2	2	2	2	1	2	2	3	1	2	1	2	1	2	2	1	1
77	4	1	2	2	2	4	4	2	4	4	1	2	4	2	4	4	1	2
81	1	4	3	2	2.15982373639579	2	4	4	4	2	3	2	2.27324072290058	1.88915290459406	2	2.79460433255048	1	1
84	4	1	4	4	1	1	4	4	4	1	1	1	1	1	1	1	1	1
88	2	3	3	4	3	2	4	2	4	2	2	2	2	2	4	3	2	2
89	1	1	1	1	1	3	3	3	3	2	1	1	1	1	2	4	2	2
99	1	1	2	2	2	3	3.22147268675571	2.49071559196346	4	3	2	1	1	1	3	3	2	2
116	1	1	1	2	2	1	1	1	2	1	1	3	1	1	1	1	2	3
124	3	2	2	2	4	3	4	2	4	2	1	1	2	3	1	1	2	3
129	3	2	1	2	2	2	1	1	2	2	2	1	1	1	1	2	2	3
130	1	2	2	4	4	3	4	4	3	4	3	2	4	2	4	4	2	2
131	1	1	1	2	2	1	2	2	2	2	2	1	1	1	1	1	2	3
133	1	1	1	1	2	2	1	2	2	1	1	1	2	1	1	1	2	3
134	2	1	2	1	2	2	2	2	3	3	3	1	1.94218857448104	2	2	2	2	9
135	3	2.22202760543504	2	2	2	2	2	2	3	2	2	1	2	2	2	2	2	3
139	1	2	4	2	2	1	2	4	4	3	1	1	4	1	4	4	2	1
142	2	1	2	3	2	3	3	2	2	2	2	1	2	2	3	3	2	2
180	1	1	1	1	4	1	1	1	1	2	1	1	1	1	1	1	2	3
184	4	3	3	4	3	4	4	4	4	3	3	3	3	3	3	4	1	2
185	2.12503517456193	1	1	2	4	3	2	2	3	1	1	1	2	1	2	2	2	3
190	3	2	3	2	2	2	3	2	3	3	2	2	2	3	2	3	2	1
191	4	3	1	2	2	4	3	1	4	1	1	1	1	1	1	4	2	1
193	4	2	1	3	2	4	4	3	4	3	1	1	1	1	3	4	1	1
202	4	2	2	2	2	3	3	2	4	4	2	4	1	1	2	2	2	1
207	1	1	1	1	2	1	2	2	2.55728285473244	2	1	1	1	1	2	2	2	3
208	1	1	2	1	1	1	2.26078560516428	2	2.39008192867471	1	2	1	1	1	2	2	2	3
209	2	3	3	4	3	3	3	2	4	3	1	2	4	1	2	2	2	2
217	4	1	2	2	1	2	3	2	2	4	2	1	2	1	3	2	2	3
221	1	2	2	2	2	1	3	2	4	2	2	1	2	2	3	3	2	2
228	1	1	1	4	3	1	3	2	3	2	3	2	2	2	2	2	2	3
235	1	1	1	1	2	1	2	2	3	2	2	1	1	1	2	2	2	2
236	1	2	2	2	2	2	4	4	4	2	2	2	2	1	1	2	1	1
239	1	1	1	3	3	2	1	3	4	1	1	1	1	1	1	1	2	3
242	1	1	1	2	3	1	2	1	2	2	2	1	2	1	2	3	2	3
245	1	1	1	1	1	1	1	1	4	1	1	1	1	1	1	1	2	3
247	4	2	1	4	4	2	4	2	4	2	1	1	2	1	4	1	2	2
274	1	3	2	1	2	1	2	2	2	1	1	1	2	1	1	2	2	3
281	4	2	1	4	1	4	4	4	4	4	4	1	1	1	4	4	2	2
288	1.73039427096855	1	1	2	2.24726478717626	2	3	4	2	2	1	1	4	3	4	2	2	1
291	2	1	1	2	1	4	2	1	4	1	1	3	1	1	1	1	1	3
293	1	1	1	2	2	1	1	1	3	2	2	1	1	1	1	1	2	2
296	3	3	2	2	2	3	3	2	3	2	3	1	2	2	3	2	2	3
297	3	2	2	3	3	2	2	2	3	1	1	1	1	1	1	2	2	3
299	1	3	2	1	2	4	2	2	2	2	2	2	2	1	2	2	1	2
301	1	3	2	3	3	3	3	2	3	2	2	1	2	2	3	2	2	2
308	3	2	2	4	4	4	4	4	4	4	4	2	2	2	4	4	2	1
312	1	2	1	2	3	2	3	1	2	1	2	1	3	2	2	1	2	3
319	4	4	4	1	4	1	1	4	4	1	4	4	1	1	1	4	1	1
323	2	2	1	3	2	2	4	3	3	3	3	2	3	2	2	3	1	1
333	2	1	1	3	1	2	2	2	3	1	3	1	1	1	1	2	2	1
345	2	3	1	2	4	4	3	2	4	1	1	1	1	1	3	2	2	1
354	3	2	2	2	3	4	4	2	3	3	2	2	2	2	2	3	2	2
359	1	1	1	2	2	2	2	2	3	2	2	1	1	1	2	1	2	3
372	4	1	1	1	2	3	4	1	2	2	2	1	1	1	2	2	2	3
374	3	3	3	2	2.24184247916968	4	3	2	3	2.17180485604746	1.99894875134558	1	2	2	1	3	1	3
379	1	1	1	2	2	2	4	1	4	4	2	2	3	4	4	2	2	1
383	2	2.12773266065923	2	2	2.39549531703133	3	2	2.08502748384691	2.69867806479	1	2	2	3	1	2	1.81075960125353	2	2
384	4	3	2	2	4	4	4	4	4	4	4	3	4	3	4	4	2	1
413	1	2	2	2	3	4	4	2	2	2	2	2	2	2	2	2	2	3
417	1	1	1	2	1	1	1	1	3	1	1	1	1	1	2	1	2	3
419	1	1	1	1	1	1	2	1	1	1	1	1	1	1	1	1	2	2
420	1	1	1	1	1	1	2	1	1	1	3	1	1	1	2	2	2	3
422	1	2	1	2	1	1	2	2	2	2	1	1	4	4	2	2	2	3
433	1	1	2	1	1	1	1	1.01431626709789	3	2	1.46794746961393	1	1.15133815298715	1	1	1	2	3
434	3	1	1	3	3	2	3	3	4	2	3	1	2	2	2.5054150774881	3	2	2
442	1	2	1	2	3	3	1	1	2	1	1	1	2	1	1	1	2	3
444	1	1	1	1	1	1	2	2	1	1	1	1	1	1	2	2	2	3
456	2	1	1	1	3	1	1	1	2	1	1	1	1	1	1	1	2	1
462	1	2	1	3	2	1	2	2	2	3	2	2	2	1	1	2	1	2
468	4	3	2	2	1	3	4	4	4	4	3	2.19177169774614	2.77625854352481	2.29401870377518	4	4	2	1
472	3	4	4	2	4	4	4	4	4	4	2	2	2	2	2	4	2	3
474	4	2	2	3	3	4	3	2	3	3	2	2	2	1	2	2	2	1
475	2	3	2	1	1	1	2	2	4	1	2	1	2	2	2	1	2	3
485	2	2	2	3	1	1	1	2	1	2	2	2	2	2	1	2	2	9
496	2	1	1	2	3	3	3	2	3	3	2	1	1	1	4	2	2	2
497	2	2	2	2	2	1	3	2	3	2	3	2	1	1	2	2	2	3
505	4	1	1	2	3	3	4	3	3	2	2	2	3	2	1	2	2	2
506	1	1	1	2	3	2	4	4	2	4	2	1	1	1	4	2	2	1
523	1	1	1	1	2	1	2	1	2.56763857720529	2	2	1	1	1	1	1	2	3
524	1	2	2	4	1	1	4	4	4	4	2	2	4	2	3	2	2	2
530	2	1	1	2	1	1	3	2	2	1	3	1	1	2	1	2	2	3
538	2	2	2	4	4	4	3	2	3	2	3	2	1	1	2	2	2	2
541	4	1	1	3	3	3	3	2	4	1	1	1	3	1	3	3	2	3
546	1	2	2	4	2	2	4	2	4	2	2	2	2	2	2	2	2	3
561	3	2	2	2	2	2	4	2	3	2	2	2	2	2	2	2	2	2
562	1	3	2	4	4	4	4	2	2	1	1	2	1	2	4	2	2	1
582	2	3	1	2	2	1	2	2	3	1	1	1	1	1	1	1	2	3
584	2	4	4	4	4	4	4	1	4	1.92004120685193	1	1	1	1	4	1	2	2
591	1	2	2	2	2	1	2	2	2	2	1	1	1	1	1	2	2	3
596	1	1	1	1	1	1	4	4	2	1	1	2	2	2	1	4	1	2
606	1	2	2	2	2	2	4	2	4	2	2	2	2	2	4	2	2	9
608	1	1	1	1	1	1	3	2	3	1	1	1	1	1	2	3	2	3
617	2	2	1	2	2	1	2	2	3	3	1	1	4	1	3	2	2	3
623	1	2	1	3	2	2	3	2	4	2	2	2	1	1	4	3	2	1
624	3	1	2	3	2	3	3	2	2	3	2	1	2	3	2	3	2	3
628	1	1	1	1	1	1	1	1	3	2	1	1	1	1	2	1	2	3
633	1	3	1	1	1	1	1	1	1	1	1	1	1	1	1	1	2	3
636	1	1	1	1	1	1	1	1	2	1	1	1	1	1	1	1	2	3
646	1	1	2	2	2	2	3	2	3	1	1	1	1	1	2	2	2	2
666	2	3	3	3	3	4	1	1	4	1	1	1	4	3	1	1	2	1
668	1	1	1	2	2	1	2	1	3	2	2	1	1	1	2	1	2	3
680	1	2	1	2	2	3	2	1	4	2	1	1	2	1	1	1	2	3
691	4	3	4	2	2	4	4	4	1	1	3	1	1	1	4	4	2	2
692	1	4	2	2	2	2	2	2	2	1	1	1	1	1	2	2	2	1
693	2	2	1	4	3	2	3	4	1	3	2	2	3	3	4	4	2	2
694	2	2	2	2	2	3	2	1	2	3	1	1	1	1	2	1	2	2
695	1	2	1	2.44237257496913	3	2	2	1.92895187759167	3	2	2	2	1.73645323210784	1.5245635138103	2	1.79858358700602	2	1
706	1	1	1	1	1	1	1	1	1	1	1	1	1	1	1	1	2	3
713	1	1	1	2	2	1	2	2	3	1	1	1	2	2	2	2	2	3
735	4	2	2	2	2	2	4	4	4	4	2	2	4	3	4	4	2	2
736	4	3	1	4	4	4	4	4	4	4	4	3	1	1	1	4	2	3
738	1	4	2	1	1	1	4	2	4	4	1	3	3	2	1	1	2	2
740	3	1	1	4	2	2	4	2	4	2	3	2	1	1	1	1	2	1
747	1	2	2	2	2	1	3	2	3	1	1	1	1	1	4	2	2	3
749	3	4	1	4	2	4	4	4	3	4	1	1	1	1	4	4	1	3
751	2	1	1	1	2	1	1	2	4	3	1	1	1	1	1	1	2	3
755	2	1	1	2	1	2	3	2	3	2	2	1	1	1	3	2	2	2
763	1	1	1	1	1	1	1	2	2.20703814414972	1	1	1	1	1	1	1	2	3
774	1	2	2	2	2	2	3	2	3	3	2	1	2	1	2	2	2	1
776	1	1	1	3	2	1	2	2	2	1	1	1	1	1	3	1	2	2
791	4	2	2	2	3	4	3	2	2	3	2	2	2	2	3	3	2	2
801	2	3	3	2	3	2	4	4	4	2	2	2.03227567386139	2.50997694100217	2	3	3	2	1
803	1	2	2	2	2	1	3	3	3	2	2	2	2	2	3	2	2	1
807	2	3	3	2	3	3	4	4	4	4	2	3	3	3	2	2	1	3
808	2	2	2	2	2	2	3	2	3	2	3	2	1.96024426415463	2	2	2	2	2
817	1	4	1	3	4	4	2	2	2	1	2	2	2	2	2	2	2	1
826	1	1	1	1	2	2	1	1	3	1	1	1	1	1	1	1	2	3
834	1	1	1	3.09440927092682	4	4	3.1249004399536	3	4	1	1	1	1	1	2.34230982977262	2.39448091632804	1	1
835	3	1	2	2	2	2	4	4	4	4	3	4	3	2	2	2	2	2
836	1	2	3	4	1	1	1	2	4	1	1	1	1	3	1	1	2	2
841	2	1	1	1	1	2	3	3	4	3	2	1	2	1	1	2	2	3
843	1	1	1	1	2	1	2	1	2	1	1	1	1	1	1	1	2	3
856	1	1	1	4	1	1	4	4	4	2	1	1	2	1	1	4	1	1
860	1	1	1	3	2	2	3	2.31688293598762	2	4	2	2	2	2	2	2	2	3
862	2	1	1	1	2	2	2	1	3	1	1	1	1	1	2	2	2	3
866	2	2	1	2	2	2	3	3	2	3	1	1	3	1	3	2	2	1
870	4	4	4	3	1	3	4	3	3	2.80418364739863	4	1	2	1	4	2	2	1
880	1	1	1	1	2	1	1	2	2	1	2	1	1	1	1	2	2	3
889	3	3	2	1	1	2	1	1	1	1	1	1	1	1	1	1	2	2
916	4	2	1	2	2	2	2	2	2	1	1	1	1	1	1	2	2	2
934	1	2	1	2	1	1	2	2	3	1	1	1	1	2	2	1	2	3
935	1	1	1	1	2	1	2	1	3	3	1	1	1	1	1	1	2	3
942	1	1	1	2	2	1	2	2	2	1	1	1	2	1	3	2	2	3
958	2	1	1	3	4	2	2.66162028295519	2	4	2	1	3	2	2	1	2	2	2
966	1	1	1	2	2	1	2	1	3	3	2	1	2	1	2	1	2	3
971	2	4	2	2	1	4	4	4	3	4	2	1	4	4	4	4	2	2
974	4	3	3	3	1	4	4	4	4	3	1	3	1	1	4	4	1	2
982	1	3	2	4	3	2	2	3	3	3	2	2	2	2	2	2	2	2
993	1	2	2	3	3	2	3	2	3	2	3	2	2	2	2	2	2	1
1002	3	3	3	2	1	4	4	2	2	1	1	1	4	2.47598840006412	4	2	2	1
1003	2	2	2	2	2	3	2	2	2	1	2	2	2	1	3	2	2	1
1010	1	2	2	3	3	2	3	3	3	2	4	1	1	1	2	2	2	2
1014	1	2	2	2	4	2	4	2	4	3	2	2	2	2	3	3	2	2
1017	2	2	2	3	3	2	3	2	3	2	2	1	2	1	3	2	2	3
1026	2	2	2	3	2	3	3	3	3	2	2	2	2	2	2	3	2	2
1048	2	2	2	3	3	2	3	2	3	2	2	2	2	2	2	2	2	3
1053	1	2	2	3	3	1	2	2	3	2	3	2	2	2	2	2	2	1
1054	1	1	1	2	3	2	2	1	4	3	2	1	1	1	1	1	2	3
1055	3	4	4	2	2	4	4	2	4	4	2.61054109534915	2	1.92720381333488	1	4	4	1	2
1064	1	1	1	2	2	1	2	1	3	3	2	1	1.27605866533799	1	2	1	2	3
1080	2.63645263047686	2	2	3	2.64186848369158	3	3	2	3	3	3	2	3	2	2	2	1	1
1081	1	2	2	1	2	1	2	2	3	1	1	1	2	2	2	2	1	3
1084	2	2	2	2	3	3	2	2	3	2	3	2	2	2	3	2	2	2
1087	2	1	1	2	2	1	1	1	3	2	1	1	1	1	1	1	2	3
1095	4	4	3	2	2	4	4	2	4	2	2	4	2	2	2	2	2	1
1101	1	1	1	4	2	2	4	4	2	4	2	4	2	2	2	4	2	2
1120	1	1	1	2	1	1	1	2	3	1	1	1	2	1	1	1	2	3
1123	2	2	2	2	2	1	2	3	2	1	3	2	2	2	2	2	2	2
1125	1	1	2	1	2	1	2	1	2	2	2	2	2	1	3	2	2	1
1135	1	2	2	1	1	1	1	1	3	2	2	1	1	1	1	1	2	3
1145	4	4	3	2	2	2	1	4	4	2	1	4	3	2	4	1	1	1
1146	1	3	3	2	2.20590635377858	2	4	4	4	1	2	1	2.18594139940141	1.73643271146874	3	2	2	1
1153	1	1	1	1	1	1	2	1	3	3	1	1	1	1	2	2	2	3
1168	2	2	2	2	2	3	2	2	3	1	2	1	3	2	1	2	2	3
1174	1	2	2	3	3	2	3	3	4	2	2	2	2	3	4	2	2	2
1175	3	2	2	2	1	3	3	2	2	3	2	1	2	2	1	2	2	2
1191	3	3	1	2	2	2	3	2	2	2	2	2	2	3	2	2	2	1
1197	2	1	2	2	1	1	2	2	2	1	3	2	1	1	3	1	2	1
1207	1	2	3	3	2	4	3	2	3	3	3	2	2	2	2	2	2	2
1212	4	4	4	3	2	4	3	2	3	2	2	2	1	1	2	1	2	1
1226	4	1	1	3	2	1	4	4	3	4	1	4	4	4	1	4	2	2
1241	1	2	2	4	3	2	3	2	4	3	1	1	2	1	1	2	2	3
1244	3	2	2	2	1	3	2	2	2	2	1.6532493960258	1	3	1.91493599281109	2	2	2	2
1256	1	2	2	2	2	2	4	4	4	4	2	2	2	1	4	4	2	2
1260	3	2	2	2	2	2	4	2	2	2	2	1	2	2	2	1	2	2
1281	3	2	1	1	2	2	2	2	3	1	1	1	3	1	1	1	2	3
1283	3	4	4	4	4	4	4	4	4	4	1	1	2	4	1	3	2	1
1284	1	1	1	3	4	3	3	2	2	2	2	2	2	2	1	2	2	2
1285	2	4	2	2	4	4	4	4	4	2	3	4	1	2	4	3	2	1
1291	3	4	4	4	4	1	2	4	4	4	2	4	2	1	1	1	1	2
1292	2	3	2	3	2	2	3	2	4	2	1	4	4	2	2	2	2	1
1293	1	2	1	2	2	1	2	1	3	1	2	2	1	1	2	2	2	1
1307	2	2	1	2	2	2	1	1	1	2	2	1	1	1	1	2	2	3
1312	1	2	2	2	3	1	3	3	3	2	2	2	2	3	3	2	2	2
1322	3	2	4	4	4	2	4	4	4	2	2	2	2	2	2	2	2	1
1343	1	2	2	2	2	2	3	3	4	3	3	1	2	2	3	2	1	3
1358	2	3	2	3	3	2	3	2	2	3	2	2	2	2	2	2	1	2
1359	1	2	2	3	4	1	4	4	4	2	2	3	2	2	3	3	2	1
1367	3	2	1	2	2	4	4	2	4	2	2	4	4	4	4	2	2	3
1376	1	1	1	3	3	3	4	3	4	2	1	1	2	2	4	2	2	2
1383	3	3	3	2	2	2	4	4	4	4	3	4	4	4	2	4	1	1
1397	1	1	1	2	2	1	2	2	2	2	2	2	1	2	2	2	2	3
1406	1	4	2	4	2	2	4	4	4	2	2	2	3	3	2	2	2	1
1407	1	1	1	1	1	1	2	2	3	2	1	1	1	1	1	1	2	2
1419	1	3	3	2	3	2	3	2	4	2	2	1.79516227747239	2	2	2	2	2	2
1422	1	2	1	3	4	1	4	4	3	3	4	2.15457598510795	1.76661080649009	1	3.03795506363421	4	1	2
1429	4	4	3	1	3	1	3	3	3	1	4	3	3	1	3	3	2	9
1432	2	2	2	4	4	2	3	3	2	2	3	3	3	3	4	3	2	3
1434	1	2	2	4	3	2	3	2	4	3	2	1	2	2	2	2	1	2
1436	1	1	1	2	3	1	1	2	3	1	1	1	1	1	1	1	2	3
1440	4	3	2	2	2	4	1	1	3	1	1	1	1	1	2	2	1	3
1454	1	1	1	2	2	4	2	2	3	1	1	1	2	2	2	2	2	2
1457	2	2	2	2	3	2	3	3	4	2	2	2	4	2	3	2	2	1
1463	1	1	1	2	1	1	1	1	3	1	1	1	1	1	2	1	2	3
1465	1	2	1	4	2	1	4	4	1	1	1	2	1.69547166281758	1	2.6787756767537	2.7635699732233	2	3
1471	2	2	1	2	2	2	2	2	3	2	2	1	2	1	2	2	2	3
1491	1	3	2	2	2	2	3	3	4	4	3	2	2	3	3	3	2	3
1508	2	1	1	2	1	1	3	2	3	2	2	1	1	1	3	2	1	3
1526	1	1	1	1	2	2	3	1	3	1	1	1	1	1	2	3	2	1
1527	4	2	3	1	1	4	4	4	2	2	2	1	2	2	4	4	2	2
1528	4	4	1	1	3	4	4	2	4	2	1	1	3	2.02072262103333	2	3	2	1
1531	1	1	1	2	2	1	3	2	3	2	2	1	1	1	2	3	2	2
1545	2	3	2	2	2	3	3	2	2	2	2	3	1	2	3	3	2	1
1550	1	1	1	2	2	1	2	1	2	2	1	1	1	1	1	1	2	3
1556	1	2	2	1	1	1	1	1	3	3	3	3	1	1	2	2	2	9
1568	3	2	1	2	2	4	3	2	2	2	1	1	2	1	3	2	1	2
1570	2	1	1	2	3	3	3	2	3	1	1	1	2	1	4	2	2	3
1578	4	3	2	3	3	3	2	2	4	1	3	2	3	1	2	2	2	3
1580	1	2	2	3	1	2	4	4	4	3	3	3	2	2	2	3	1	2
1584	4	4	3	3	3	4	3	2	2	1	4	2	2	2	3	3	2	2
1597	2	3	1	2	2	2	2	3	3	2	3	1	2	1	2	2	2	2
1604	1	3	2	2	1	1	4	1	4	1	1	1	2	1	1	1	2	1
1606	3	3	3	4	3	4	4	3	4	3	2	3	4	3	3	2	1	1
1616	3	3	2	4	3	4	3	4	2	1	1	1	2	2	3	2	2	1
1621	1	1	1	2	2	3	4	2	1	3	3	1	2	1	1	3	2	1
1625	2	2	1	1	2	2	2	2	3	1	1	1	1	1	2	2	2	3
1626	2	1	1	1	2	2	2	3	2	2	3	2	2	1	2	2	2	2
1627	1	1	1	1	2	2	3	3	3	2	2	1	2	2	2	3	2	3
1640	1	1	1	3	3	2	4	3	2	2	2	1	1	1	2	2	2	2
1645	2	1	1	2	1	3	3	2	3	2	1	1	1	1	3	2	2	2
1656	1	1	1	1	1	1	1	2	3	3	2	2	1	1	1	1	2	3
1661	1	2	1	4	4	1	4	2	4	1	1	1	1	1	3	3	2	2
1672	4	2	1	3	3	3	2	2	2	1	1	2	1	1	1	1	2	2
1681	1	1	1	2	2	2	1	1	2	1	1	2	1	1	1	1	2	3
1695	1	1	1	1	1	2	2	2	1	1	1	1	1	1	1	2	2	2
1702	1	1	1	1	1	1	4	4	4	3	1	4	2.97847708243565	3	4	2	1	2
1706	4	3	1	3	4	1	4	2	3	2	2	1	1	1	4	2.46527934434384	2	3
1710	3	2	2	3	4	4	4	3.18953778663972	4	2	2	2	3	2	4	3	2	2
1712	2	1	1	4	3	4	3	4	3	3	1	1	1	1	1	3	2	2
1720	1	1	1	2	3	1	2	1	3	2	1	1	1	1	1	2	2	3
1732	1	1	1	2	2	1	1	2	3	2	2	1	1	1	2	2	2	3
1736	1	1	1	3	3	1	2	2	4	2	1	1	1	1	3	1	2	3
1740	1	2	2	4	2	2	4	2	2	2	2	2	2	2	2	2	1	2
1746	1	2	1	2	2	3	2	1	2	1	1	2	1	1	3	2	2	2
1765	3	2	2	2	2	3	2	2	3	1	2	1	1	1	2	2	2	2
1770	1	2	2	2	3	1	2	2	3	2	2	1	1	1	2	1	2	3
1788	1	1	1	1	2	1	1	1	1	1	1	1	1	1	1	1	2	3
1809	2	2	2	3	2	1	3	2	3	2	2	2	2	2	3	2	2	1
1810	1	2	2	2	2	2	2	3	3	3	3	3	2	2	2	1	2	1
1818	1	1	1	2	2	1	2	1	2	1	1	2	1	1	1	1	2	3
1830	3	2	2	2	3	4	2	2	2	2	2	1	2	1	2	2	2	3
1838	4	2	1	4	4	4	4	3	2	3	2	2	1	1	3	2	2	2
1864	1	2	1	4	4	1	4	4	4	4	3	1	1	1	4	4	1	2
1867	1	2	1	2	1	1	3	2	3	2	1	1	4	2	3	2	2	3
1869	3	3	2	4	4	4	2	2	3	1	2	1	2	2	2	1	2	3
1875	4	3	1	3	2	4	3	2	2	2	4	2	3	3	2	3	2	1
1889	2	2	2	2	3	2	2	2	3	1	1	1	1	1	3	1	2	3
1893	2	1	1	2	2	2	3	2	3	2	2	1	2	2	2	2	2	3
1899	2	1	1	3	3	2	3	2	4	1	1	3	1	1	4	2	2	3
1901	4	4	2	1.90786003344985	1	2	3	3	4	3	1	2	3	1	4	2.55872711950273	2	3
1903	1	1	1	1	1	1	2	1	4	1	1	1	1	1	2	2	2	3
1917	3	1	1	3	2	4	3	2	3	3	1	1	3	3	2	1	2	1
1928	3	2	1	2	1	1	3	2	2	1	1	1	1	1	2	2	2	3
1933	4	1	1	2	4	2	1	1	1	1	1	1	1	1	1	1	2	3
1944	4	4	4	3	2	4	3	3	3	3	3	3	3	3	4	2	2	1
1946	1	1	1	2	1	1	1	1	3	1	1	1	1	1	1	1	2	3
1957	1	1	1	4	2	2	2	2	3	1	1	1	1	1	2	1	2	1
1967	1	1	1	2	3	1	2	2	3	1	1	1	1	1	1	1	2	3
1973	4	1	1	4	4	3	4	3	4	3	3	1	4	2	4	2.92696650845873	2	1
1974	3	2	2	2	1	2	4	2	3	2.28932440581047	3	1	1	1	4	2	2	2
1977	2	1	1	4	4	2	2	2	4	1	1	1	1	1	1	2	2	3
1979	3	1	1	2	3	3	2	3	1	1	1	1	2	1	2	2	2	1
1987	1	2	2	3	3	3	3	3	3	1	1	1	2	1	2	3	2	2
1989	1	2	2	2	1	1	2	2	2	2	2	1	1	1	2	2	2	3
1994	4	4	3	4	3	4	2	4	4	4	4	2	2	2	2	2	2	3
2014	1	2	2	2	4	2	3	3	3	2	3	1	2	2	1	2	2	2
2022	2	2	2	2.34436538368696	3	1.96437421336012	2	2	2.72362335304892	1.82014670210478	1.51918408832147	1	3	1	1	2	2	3
2030	2	3	2	3	2	3	2	4	3	4	2	1.93656917790605	2	1	2.46011272937775	2.77340246973046	1	2
2031	1	1	1	2	3	1	2	2	3	1	1	1	1	1	2	1	2	3
2048	1	2	2	2	2	1	4	2.44670469711672	2	2	2	2	2	2	2.30749751909133	1	2	1
2049	1	2	2	2	2	1	3	2	3	4	1	2	1	1	3	2	2	2
2053	1	1	1	2	4	2	4	3	1	1	3	1	1	1	1	4	1	2
2057	4	4	1	2	3	4	4	2.5012682663686	3	1	1.39707305034126	1	4	1	1	1	2	2
2059	1	1	1	1	1	1	1	1	3	2	2	1	1	2	1	1	2	2
2079	4	2.02267629070081	1	1	2	2.41480013925387	1.98488782661545	1	4	1	1	1	2.92646275343168	4	1	1	1	2
2083	1	2	3	3	1	1	2	2	4	2	1	2	2	1	4	2	2	3
2087	4	4	3	4	4	4	4	4	4	4	4	1	2.11272318197655	1	4	4	1	1
2088	4	2	1	2	3	1	4	4	3	3	1	2	1	1	2	4	2	3
2094	2	3	2	4	2	4	4	4	3	2	2	2	2	2	2	4	1	2
2107	4	1	1	1	2	2	1	1	2	1	1	1	1	1	1	1	2	1
2113	2	2	2	2	3	1	3	2	2	2	2	2	2	2	2	3	2	2
2121	2	1	2	3	3	2	2	2	3	1	1	1	2	1	1	2	2	3
2129	1	1	1	2	2	1	3	2	3	2	1	1	1	1	1	2	2	3
2131	2	1	1	3	2	1	1	4	4	1	1	1	3	1	2	2	2	3
2134	1	1	1	1	2	1	2	2	2	1	1	1	1	1	1	1	2	3
2147	1	1	1	2	3	2	3	1	3	1	1	1	2	2	2	2	2	3
2156	1	2	2	2	2	1	3	2	2	1	2	1	2	1	2	1	2	1
2161	1	1	1	2	3	1	3	2	2	3	2	1	2	2	2	1	2	3
2171	1	3	2	2	2	2	4	4	4	4	4	2	2	4	4	1	2	1
2174	4	1	1	4	4	4	4	4	4	3	2	2	3	2	4	3	2	2
2180	4	4	2	3	3	4	4	4	4	4	1	1	3	3	4	4	2	1
2187	1	1	1	2	2	3	2	2	2	2	2	1	2	2	1	1	2	2
2191	1	2	2	2	1	1	2	2	4	2	2	1	2	2	1	2	2	2
2193	4	3	2	2	1	1	4	4	4	2	1	2	4	2	4	3	1	1
2194	2	1	1	2	2	4	4	3	3	3	3	1	2	1	4	2	2	2
2195	1	3	3	1	2	2	3	4	3	3	1	3	3	1	1	3	2	1
2203	2	2	1	2	2	2	2	1.96817682674084	3	2	2	2	2	2	1	2	2	3
2213	1	1	2	2	2	2	3	2	2	1	1	1	1	1	2	2	2	2
2215	1	2	2	2	1	1	1	1	3	1	1	1	1	2	1	1	2	3
2217	4	3	1	2	2	4	4	4	4	2	2	2	4	1	4	2	2	2
2222	2	2	2	4	4	2	4	4	2	2	2	2	2	1	4	4	2	2
2228	3	3	4	2	3	3	2	2	3	3	2	3	2	2	2	2	2	1
2231	1	2	2	2	2	1	2	2	2	2	1	1	2	2	2	2	2	3
2233	2	2	2	2	2	2	2	1	3	1	2	4	1	1	2	1	2	2
2235	1	2	2	2	1	1	3	4	4	1	1	1	1	1	2	2	2	2
2239	1	2	2	2	2	2	4	2	4	4	2	2	2	2	4	2	1	2
2244	2	2	1	1	2	1	2	2	2	2	2	2	2	2	1	3	2	1
2245	1	1	1	1	1	1	3	2	4	3	1	1	1	1	3	2	2	2
2252	3	3	2	2	2	2.28792271912961	2.06250044139452	1	2.55415443773951	1	1.62468035116275	1.42244006745282	1.32362779372291	1	1.57577080080448	1.71294938414358	1	2
2259	2	2	2	2	2	2	4	2	4	4	2	2	4	4	2	2	1	2
2262	1	1	1	3	3	1	2	2	2	1	1	1	2	2	2	1	2	3
2279	2	2	1	1	2	1	2	1	2	2	3	2	1	1	1	1	2	3
2285	1	2	2	3	3	2	3	2	3	2	2	2	1	1	2	2	2	3
2293	4	3	2	3	2	2	3	2	3	1	2	1	3	1	1	2	2	3
2295	2	1	1	2	3	1	3	1	4	3	2	1	1	1	1	2	2	3
2305	1	2	1	2	4	1	1	2	3	1	1	1	1	1	1	1	2	3
2311	2	1	1	3	3	2	1	1	3	1	1	1	1	1	1	1	2	3
2322	2	2	2	2	2	4	3	2	4	1	1	1	1	1	2	2	2	3
2331	2	1	2	3	4	1	2	1	4	3	3	3	2	1	1	2	2	3
2335	1	1	1	4	3	1	4	4	4	2	4	1	4	4	4	2	2	1
2361	1	3	1	1	1	1	1	2	2	1	1	1	1	1	1	1	2	3
2391	3	2	2	2	1	4	2	2.03258286858582	1	2	1	2	1.98307835193796	1.64494778670003	4	2	2	1
2409	2	3	3	3	3	3	1	2	3	2	2	1	2	1	4	3	1	2
2415	2	2	2	2	2	1	3	2	2	2	2	1	1	1	2	2	2	1
2418	2	2	1	3	2	2	3	4	4	4	3	2	3	3	4	4	2	2
2425	3	1	1	1	1	1	3	2	3	1	1	1	1	1	3	1	2	3
2432	1	2	2	2	2	1	2	1	2	2	2	1	2	1	2	2	2	3
2438	1	1	1	1	1	1	2	1	2	2	2	1	1	1	2	2	2	2
2441	3	2	2	3	3	3	2	2	2	2	3	2	2	2	3	2	2	3
2442	1	2	2	2	2	1	4	2	4	2	1	1	2	1	4	2	2	2
2446	2	2	2	3	3	3	2	2	2	2	1	1	1	1	2	2	2	3
2450	1	1	1	1	2	1	2	1	2	2	2	1	1	1	1	1	2	3
2453	1	2	2	2	2	2	2	2	3	2	2	2	2	2	2	1	2	3
2455	2	1	1	3	3	1	1	1	1	1	1	1	3	1	1	1	2	3
2458	1	1	2	3	3	1	1	1	4	1	1	1	1	1	1	1	2	3
2459	3	3	2	3	2	2	3	2	3	2	1	1	2	3	2	2	2	3
2460	1	2	1	2	1	1	2	2	4	2	2	1	1.37454012232596	1	2	2	2	3
2468	1	2	4	3	3	1	4	2	1	3	2	3	2	3	2	2	2	1
2476	4	2	2	1	1	2	4	4	2	1	3	1	1	1	2	2	2	1
2478	3	2	2	2	2	3	4	3	4	4	2	2	2	2	2	2	2	2
2488	1	2	2	1	2	2	2	1.86110247037115	3	2	1	1	2	2	2	2	1	3
2492	1	1	1	3	4	2	3	2	3	3	2	1	3	2	4	3	2	3
2494	4	2	1	3	4	4	4	4	2	1	4	2	2	2	2	2	2	2
2498	1	1	1	2	2	1	2	1	2	1	2	1	1	1	2	1	2	3
2501	1	1	1	2	2.29888983282015	2	2	2	2	2	2	2	2	2	1	2	2	3
2507	4	3	4	2	3	4	3	4	3	3	2	1	3	2	4	2	2	1
2508	1	3	4	4	4	3	4	4	4	3	4	3	2	3	2	3	1	2
2518	3	3	2	2	3	2	2	3	2	2	2	1	2	1	3	2	2	1
2523	2	2	2	2	2	1	3	2	3	2	2	1	1	1	2	2	2	2
2526	1	2	2	3	3	2	4	2	3	2	3	2	2	2	3	3	2	2
2540	2	2	2	2	3	3	3	2	3	2	2	1	2	2	3	2	2	2
2546	2	2	2	3	2	2	3	3	2	3	2	2	2	2	3	4	2	2
2551	1	1	1	3	3	2	4	1	4	1	1	1	2	2	1	1	2	1
2555	4	1	1	1	2	1	4	2	1	1	1	1	1	1	1	2	2	2
2563	1	1	1	2	2	1	3	1	2	1	1	1	1	1	2	1	2	2
2568	1	1	1	2	2	1	3	2	3	3	3	2	2	1	3	2	2	3
2570	1	1	1	2	2	1	1	1	3	3	2	1	1	1	1	1	2	3
2580	1	1	1	1	1	1	1	1	1	1	1	1	1	1	1	1	2	3
2581	4	2	1	4	1	1	2	3	4	1	1	1	1	1	1	2	2	2
2583	1	1	2	2	2	1	2	2	3	1	1	1	1	1	1	1	2	3
2584	1	2	2	2	1	1	4	4	4	2	2	3	2	1	4	3	2	3
2586	1	1	1	1	2	1	1.8475741258393	2	2	1	1	1	1	1	1	1	2	2
2592	4	4	1	4	4	4	4	4	4	4	4	2	4	1	4	2	2	1
2601	1	1	1	3	3	1	3	2	4	1	1	1	1	1	3	1	2	3
2610	2	1	1	1	1	1	1	1	2	2	1	1	2	1	1	1	2	3
2625	3	1	2	3	2	4	3	2	3	3	2	1	1	2	3	3	2	3
2628	2	2	1	2	3	1	2.09277187702993	2	1	1	1	1	1	.97515542296275	1	2	2	3
2630	3	1	1	3	3	2.25007260631045	2	2	3	2	1	1	2	1	2	2	2	3
2633	1	2	2	2	2	2	3	2	2	1	1	1	1	1	1	1	1	3
2637	3	2	2	2	2	4	2	2	4	3	3	1	1	2	2	1	2	1
2660	1	3	2	2	2	2	4	4	4	2	2	2	2	1	4	4	1	2
2661	4	4	3	4	4	4	4	4	3	4	4	4	4	4	4	4	1	1
2668	4	2	2	2	2	3	2	3	2	2	2	2	2	2	2	3	2	2
2684	1	1	1	2	3	2	2	2	3	2	2	1	1	1	1	1	2	3
2701	1	1	2	2	2	1	2	1	3	2	1	1	1	1	2	2	2	3
2704	1	2	1	2	1	1	2	2	2	1	2	1	1	1	2	1	2	2
2709	3	2	3	2	2	2	4	2	2	2	2	2	2	2	2	2	2	3
2719	4	3	3	2	2	3	2	2	4	2	2	2	1	1	1	1	2	2
2726	1	1	1	1	2	1	2	2	3	2	2	1	1	1	2	1	2	3
2729	2	2	3	2	2	3	3	2	4	1	2	1	2	1	1	1	2	2
2737	1	1	1	3	3	1	4	2	2	4	2	1	1	1	4	2	2	2
2740	1	4	2	2	1	2	2	1	2	4	4	2	1	1	4	4	1	2
2754	1	1	1	2	4	1	4	4	3	4	1	1	1	1	1	3	2	2
2774	1	1	1	2	1	2	4	4	4	4	2	2	3	2	4	4	2	2
2787	1	1	1	2	2	2	3	4	4	1	1	1	2	1	1	1	2	3
2796	3	2	1	1	2	2	2	1	3	2	1	1	1	1	2	1	2	3
2797	2	1	1	1	2	1	3	2	2	2	1	1	1	1	1	2	1	3
2803	1	2	2	2	2	2	2	2	3	3	2	2	2	1	2	2	2	2
2806	2	1	1	2	2	2	2	2	2	2	2	1	2	1	2	2	2	3
2807	2	2	1	3	2	2	4	3	3	3	3	3	2	2	3	3	1	1
2816	1	1	1	1	3	1	3	1	4	1	1	1	1	1	1	1	2	2
2819	1	1	1	2	3	2	2	1	2	1	1	1	1	1	1	1	2	3
2830	3	2	2	2	2	3	2	2	3	3	2	1	3	2	2	1	2	2
2833	1	1	1	2	2	2	2	1	2	1	1	1	1	1	2	2	2	2
2839	2	1	1	3	4	1	2	3	4	3	1	1	1	1	1	2	2	3
2848	2	2	2	2	2	3	2	2	3	1	2	1	2	2	2	2	2	1
2855	2	2	2	3	3	3	3	2	2	3	2	2	2	2	3	2	1	2
2857	3	3	2	2	1	4	3	1	4	2	1	1	2	2	3	1	2	3
2865	3	1	1	2	2	2	3	2	3	1	2	1	2	2	3	1	2	3
2873	1	1	1	1	1	1	1	2	2	4	1	1	1	1	1	1	2	3
2878	4	2	1	4	1	4	4	2	2	3	1	1	1	1	1	2	1	2
2879	1	3	2	3	3	2	3	3	3	2	2	2	2	2	4	3	2	2
2886	3	1	1	2	2	4	4	4	4	4	4	4	2	2	2	2	1	1
2890	4	2	1	4	4	2	1	1	1	2	3	1	1	1	1	1	2	3
2896	1	1	1	2	2	2	4	4	4	2	2	2	2	2	4	2	2	3
2900	4	4	4	1	1	2	1	1	4	1	2	1	1	1	2	2	1	2
2903	2	1	1	3	2	4	1	3	2	2	1	2	1	1	1	1	2	1
2908	2	1	1	2	2	2	4	4	4	4	3	2	2	2	2	2	2	2
2911	1	1	4	2	2.12715927789101	1	4	2	4	3	4	1	4	4	4	1	2	2
2914	2	2	2	2	2	2	2	2	4	2	2	2	1.57292447829374	1	3	2	2	1
2918	1	2	2	2	2	2	2	2	3	3	2	1	1	1	2	2	2	3
2919	3	3	1	3	3	2	3	2	4	2	1	1	2.22055710170083	2	2	3	2	2
2922	2	2	1	3	3	1	2	2	3	1	1	1	2	2	2	1	2	2
2928	1	1	1	3	3	2	3	3	3	1	3	2	3	2	3	2	2	2
2932	3	2	4	4	2	3	4	4	4	4	4	3	3	4	4	4	2	2
2954	1	1	1	1	1	1	1	1	1	1	1	1	1	1	2	1	2	3
2969	1	4	4	2	2	3	2	2	4	2	2	3	2.23448659965946	2.17111167983761	2	3	2	2
2972	4	3	2	2	2	4	3	3	2	2	2	2	2	2	2	2	2	3
2985	2	2	2	2	2	1	2	2	2	1	1	1	1	2	2	2	2	3
2991	1	2	2	2	4	1	2	2	4	1	1	1	1	1	2	2	2	3
2995	1	1	1	2	2	1	2	1	1	2	3	1	1	1	1	2	2	3
3000	1	2	1	3	3	2	3	2	3	2	1	1	4	2	1	2	2	2
3008	2	1	1	1	1	1	2	2	2	1	1	1	1	1	1	1	1	1
3018	2	2	2	3	3	2	2	2	3	2	2	2	2	2	2	2	2	3
3026	4	2	2	2	2	4	4	3	3	3	2.40477827884464	2.02817164830545	2	3	4	2	2	2
3030	1.19863381290664	1	1	2	4	1	2.21207288330989	1	4	2	1	1	1	1	2	1	2	3
3033	2	2	2	1	2	3	2	1	2	1	1	1	1	1	1	1	2	3
3047	3	2	2	2	2	4	4	4	4	4	3	3	2	2	2	4	1	2
3049	1.23973067714471	1	1	2	3	1	2.50198859173169	1	3	3	1	1	1	1	2	4	2	99
3070	1	1	1	4	2	1	4	2	4	3	1	4	1	2	3	3	2	2
3074	2	2	2	3	3	3	3	2	3	3	3	2	2	2	3	2	2	1
3084	1	2	1	1	1	1	1	1	3	2	2	2	1	1	1	2	2	2
3088	1	2	2	1	4	1	2	2	4	2	2	2	1	1	2	2	2	2
3093	1	1	1	2	2	1	2	1	3	2	2	1	1	1	1	1	2	3
3096	1	1	1	1	1	1	1	1	1	3	1	1	2	1	1	1	2	3
3113	3	2	2	2	3	2	2	2	3	3	2	2	2	2	2	2	2	3
3114	1	1	1	3	4	2	2	2	4	1	3	1	1	1	1	2	2	3
3121	3	3	3	2	2	4	2	2	3	2	2	1	2	2	1	2	2	2
3130	1	3	2	2	2	2	4	2.73950467900956	4	4	1	1	1	1	4	3	2	1
3134	3	2	1	2	3	1	2	1	1	2	2	1	2	1	1	1	2	3
3159	2	2	1	2	2	2	2	2	2	1	1	1	1	1	2	1	2	3
3171	1	2	2	4	4	2	4	2	2	2	2	2	2	2	4	4	2	2
3172	3	3	3	4	2	2	4	4	3	3	2	1	3	1	3	3	2	3
3173	4	2	2	2	2	2	2	3	2	2	2	1	2	2	2	2	2	3
3185	4	3	2	1	1	4	1	1	3	1	1	1	1	1	1	1	2	1
3187	2	1	1	2	4	2	2	4	4	3	3	1	1	1	1	2	2	3
3198	4	3	2	1	1	4	3	2	4	2.67508802171684	3	1	2.07799404233074	1.79151200119775	3	3	2	9
3201	3	3	2	3	3	3	3	3	3	3	2	2	3	2	3	2	2	1
3206	4	3	2	2	1	4	2	2	2	2	2	1	1	1	2	2	2	1
3207	4	3	4	4	3	4	4	4	4	3	3	3	4	4	4	4	2	1
3211	3	2	1	3	3	3	4	4	4	4	1	1	2	1	4	3	2	3
3223	2	2	1	1	2	1	1	1	1	1	1	1	1	1	1	1	2	3
3228	3	2	2	2	2	4	2	3	1	2	2	2	2	3	2	1	2	2
3248	1	2	2	2	2	2	3	2	3	2	2	1	2	2	1	2	1	3
3251	1	2	2	2	1	1	2	2	2	1	1	1	1	1	2	2	2	3
3255	1	1	1	4	4	1	4	2.29414363666131	4	1	4	1	1	1	1	1	2	1
3265	2	1	1	3	3	3	3	3	4	1	1	1	2	2	2	1	2	2
3274	1	2	2	1	2	1	1	2	2	1	1	1	1	1	1	1	2	3
3277	3	2	2	2	2	4	2	4	4	4	4	2	2	2	2	2	1	2
3284	1	2	2	3	2	2	4	2	4	4	1	1	2	2	3	2	2	2
3305	1	2	2	2	2	1	4	1	4	1	1	1	1	1	1	2	2	2
3307	1	2	2	3	2	2	4	4	4	4	4	4	2	2	1	2	2	1
3317	2	4	3	2	2	2	2	1	4	1	1	1	2	2	1	1	2	3
3327	1	1	1	4	3	1	1	1	2	1	1	1	2	1	1	1	2	3
3337	4	1	1	4	1	4	1	1	4	4	1	1	3	1	1	1	2	2
3339	4	3	2	3	2.75872720342265	3	3	2	4	2.51593627172791	2	3	2	1.95356619324584	2	2	2	2
3341	3	1	1	2	2	2	2	2	3	1	1	1	1	1	1	2	2	3
3349	1	1	1	2.35858030611161	3	1	3	1	2	2	1	1	1.31258149881811	1	2	1	2	2
3358	1	1	1	2	2	1	1	1	3	2	2	1	1	1	2	2	2	3
3375	4	1	1	1	1	3	3	1	3	1	1	1	1	1	1	1	2	3
3381	1	2	2	2	2	1	1	1	2	1	1	1	2	2	1	2	2	2
3387	1	1	1	2	2	3	3	2	4	2	1	1	1	1	3	3	2	3
3394	2	2	2	2	2	2	3	2	3	2	2	2	3	3	2	3	2	2
3403	1	1	1	1	2	1	2	2	3	1	1	1	1	1	2	2	2	3
3411	3	1	1	1	1	2	2	1	2	1	1	1	1	1	1	1	2	3
3412	4	2	3	1	2	4	2	1	4	2	1	1	1	2	2	2	2	3
3413	2.34164688250704	3	2.12198152331425	2.13865057264007	2	2.15555521160237	3	2.16762418245211	2.90804877067487	1.8709456019062	1.71760481169222	1	1	1	2.20708831258745	2.00186154281767	2	2
3427	2	2	1.59738167690496	2	3	2	2	1	3	1	1	1	1	1	2	1	2	3
3429	1	2	1	2	2	1	2	2	3	3	2	1	1	2	2	2	2	2
3433	3	2	2	2	2	2	4	2	2	2	2	2	2	2	2	2	1	3
3445	3	1	1	3	2	3	3	3	3	1	3	1	1	1	1	1	2	3
3452	4	2	2	3	4	4	4	3	4	2	3	2	3	2	2	3	2	3
3457	1	1	2	4	2.96947360970755	1	4	2	4	4	3	2	1	2	1	2	1	3
3473	1	1	1	2	3	1	1	1	1	2	2	1	1	1	1	2	2	1
3475	1	2	2	3	4	1	4	2	4	1	1	1	2	1	4	2	2	1
3484	1	2	2	2	3	2	2	2	3	1	1	1	2	2	2	2	2	3
3486	2	2	2	3	3	4	3	2	3	2	2	2	2.06632255721167	1.91355593207177	3	2	2	2
3489	1	2	1	2	2	2	2	1	2	1	1	1	2	2	2	1	2	3
3493	3	2	2	4	4	4	4	3	4	4	3	3	3	3	3	3	2	1
3527	4	3	2	1	1	3	3	2	3	1	2	1	1	1	2	2	2	2
3532	1	2	1	1	2	1	4	2	2	2	2	1	2	1	4	2	2	2
3534	1	2	2	2	2	2	4	4	4	2	2	1	2	2	4	4	2	2
3545	2	1	1	2	1	3	4	4	2	1	1	1	1	1.05274748331118	2	4	1	2
3547	2	2	2	2	2	2	3	2	2	2	3	1	2	2	2	2	2	1
3558	1	2	2	3	3	2	4	2	3	2	3	1	2	2	2	2	2	2
3560	1	1	1	3	2	1	2	1	3	1	1	1	1	1	1	1	2	3
3569	1	2	2	1	1	1	2	1	2	1	1.29483553750263	1	1.28517249236507	1.22416326577644	2	1	2	1
3570	1	1	1	4	4	1	4	3	3	2	2	2	2	2	3	2	2	2
3575	4	2	1	2	3	1	4	2	4	1	4	2	4	2	2	2	2	1
3588	1	1	1	1	1	1	3	2	1	3	3	1	1	1	1	3	2	3
3601	1	2	2	2	2	2	2	2	3	2	2	1	1	1	2	2	2	3
3607	3	2	2	2	2	1	2	2	1	1	1	1	1	1	1	2	2	2
3612	1	1	1	1	2	2	1	2	2	1	1	1	1	1	1	1	2	3
3613	1	1	1	1	2	1	2	1	2	1	1	1	1	1	1	1.11502330693451	2	3
3615	1	2	2	2	2	2	2	2	2	2	2	1	2	1	2	1	2	2
3623	1	4	1	2	3	2	2	3	3	1	2	1	3	2	2	1	2	2
3627	1	3	2	2	2	2	2	2	4	2	4	2	2	2	2	2	2	2
3629	3	2	2	3	3	2	3	1	3	2	1	2	2	1	2	3	2	3
3632	2	2	1	3	3	1	3	3	2	1	1	1	1	1	1	2	2	3
3637	1	2	2	3	3	1	2	1	2	2	2	1	1	1	2	2	2	2
3641	1	2	2	2	2	2	3	2	3	1	1	1	2	2	2	2	2	2
3648	2	3	2	2	3	3	4	2	4	4	2	1	2	1	2	2	2	2
3651	1	1	1	2	2	1	2	2	2	2	3	2	2	1	2	2	2	3
3664	3	2	2	3	3	1	3	1	4	3	2	1	1	1	1	2	2	1
3668	1	1	2	3	3	2	3	2	2	2	1	1	2	1	2	2	2	2
3681	4	2	2	2	2	4	2	1	4	2	2	1	1	1	2	2	2	2
3684	4	3	3	2	4	2	3	2	2	1	1	1	1	3	2	1	2	3
3686	4	4	3	4	4	4	4	4	4	2	1	4	4	2	2	4	1	2
3693	2	2	2	2	2	2	3	2	3	2	2	2	2	2	2	2	2	1
3694	1	1	1	1	1	1	1	1	1	1	1	1	1	1	1	1	2	3
3699	1	2	2	2	2	2	3	3	3	2	2	3	1	1	2	2	2	3
3721	1	2	1	2	1	1	2	1	2	2	1	1	1	1	2	1	2	3
3725	1	3	2	2	2	1	2	2	3	1	1	1	1	1	1	1	2	2
3726	3	2	2	4	4	2	4	2	4	4	2	2	2	1	3	4	2	3
3735	3	2	2	1	4	1	1	1	1	1	1	1	1	1	1	1	2	3
3749	1	1	1	1	1	1	1	1	3	2	1	1	2	1	1	2	2	3
3750	3	3	3	2	2	2	2	2	3	2	2	2	2	2	2	3	2	3
3751	1	1	1	1	1	1	1	1	3	2	1	1	1	1	1	1	2	3
3756	2	1	1	4	2	1	2	2	4	2	1	1	1	1	1	1	2	3
3788	1	2	2	2	2	1	2	2	3	2	3	1	2	1	2	2	2	3
3789	4	2	2	2	2	2	4	3	3	1	2	1	2	2	4	3	1	9
3791	4	1	1	1	3	4	4	2	3	2	4	1	3	4	4	4	2	9
3794	3	2	2	2	3	4	3	3	4	2.48424012367424	2	2	2	2	2	2	2	3
3797	1	4	3	2	2	4	4	4	4	4	1	1	4	1	2	2	2	2
3799	4	4	4	1	1	1	1	2	4	2	4	1	4	2	1	1	1	1
3807	3	2	2	2	3	4	3	3	4	1	3	1	3	2	2	3	2	3
3828	3	1	2	2	2	2	2	3	3	3	2	2	2	1	2	2	2	3
3830	1	2	2	2	1	2	4	2	2	4	2	3	2	1	1	1	1	2
3848	1	2	1	3	2	1	2	2	3	3	2	3	1	3	2	2	2	3
3852	2	2	2	1	3	2	3	2	3	2	2	3	1	1	1	2	2	2
3863	1	1	1	2	2	1	3	2	1	1	1	1	1	2	3	2	2	2
3870	1	1	1	3	3	1	3	2	3	2	2	1	1	1	2	2	2	3
3874	2	2	1	2	1	2	1	1	1	1	1	1	1	1	1	1	2	3
3877	1	2	2	2	3	1	3	2	3	3	2	2	2	1	2	2	2	2
3903	4	1	2	1	2	4	3	1	3	2	3	1	2	1	1	1	2	1
3906	1	2	2	2	1	2	4	4	4	2	1	1	2	2	4	2	2	1
3910	1	1	1	2	3	1	3	2	1	1	1	1	2	1	1	3	2	3
3919	2	2	2	3	2	2	4	3	4	3	3	2	2	1	3	3	2	3
3923	2	1	1	2	3	2	3	2	3	3	2.04863367939163	2	1	1.22906575208364	2	2	2	2
3928	1	1	1	1	1	1	1	1	1	1	1	1	1	1	1	1	2	2
3930	3	2	2	2	1	2	3	1	3	1	1	1	1	1	2	2	2	1
3932	4	1	2	3	2	4	4	4	4	4	2	2	3	2	4	4	1	2
3936	1	1	1	2	1	1	2	2	4	3	2	3	1	1	1.96101747167246	2	2	2
3955	3	3	2	2	2	3	3	2	4	4	2	1	2	2	3	2	2	3
3956	3	2	2	2	2	4	4	4	4	2	2	2	2	2	4	2	2	3
3960	4	2.61795663631676	2.05802744099732	2	2.42110360539767	3.0779653609686	4	4	4	3	1	1	3	2	1	4	2	1
3965	1	1	1	1	2	4	3	2	3	3	2	2	3	1	4	2	2	3
3973	4	2	2	2	2	2	4	2	4	4	2	2	1	1	2	2	1	3
3974	4	3	2	2.67199212231779	3	2	3	2	4	3	3	1	1	1	2	2	2	3
3980	2	2	2	2	4	2	3	1	3	2	2	1	1	1	1	2	2	2
3981	3	1	1	2	3	3	2	2	3	1	1	1	2	1	2	1	2	2
3984	1	2	2	3	3	2	2	1	3	3	2	2	1	1	1	2	2	3
3996	1	2	2	2	2	2	4	2	2	2	2	2	3	2	2	2	2	3
4008	1	3	2	1	2	3	4	4	4	4	2	4	4	3	4	4	1	1
4010	3	1	4	2	2	4	4	4	2	4	2	2	4	2	4	4	2	1
4013	1	1	1	1	3	1	2	1.13179623575335	1	1	1	1	1	1	1	1	2	3
4014	2	3	3	4	4	4	3	2	3	3	3	4	1	1	2	3	1	1
4015	2	2	1	1	1	1	2	2	3	1	1	1	1	1	1	1	2	3
4018	1	2	1	3	4	1	3	3	2	1	2	2	2	1	2	2	2	2
4047	4	4	4	1	1	4	3	2	3	1	3	1	1	3	3	2	2	3
4064	1	2	2	1	2	1	2	2	3	3	2	1	1	1	2	1	2	3
4101	4	2	2	2	3	3	3	2	2	2	3	1	2	2	2	3	2	2
4104	1	1	1	2	4	2	3	2	3	1	2	2	2	1	1	2	2	2
4111	4	4	4	3	4	4	4	4	4	4	2	2	2	4	4	2	2	1
4114	2	2	1	1.97630313652355	2	2	2	2	3	1.98273261551501	2	1	2	1	1	2	2	3
4115	1	2	2	2	3	1	4	3	4	3	1.87820536036893	1	2	1	2.69004647419683	2	2	2
4128	1	2	1	3	2	2	3	2	3	3	3	1	2	1	2	2	2	2
4154	1	3	2	4	2	2	4	4	4	3	1	1	2	3	4	3	2	3
4163	1	1	1	1	2	2	2	2	1	1	1	1	1	1	2	2	2	2
4165	1	1	1	2	2	1	1	1	2	2	1	1	1	1	1	1	2	3
4168	2	1	1	2	2	2	1	1	3	1	2	1	1.10603527525473	1	1	1	2	2
4179	4	4	3	4	4	4	4	4	4	4	1	2	3	3	4	4	1	1
4183	4	1	1	1	1	4	1	1	3	2	1	4	1	1	1	1	2	1
4189	1	2	2	2	3	1	2	3	3	1	2	1	1	1	2	2	1	2
4193	2	2	2	2	2	2	3	2	3	3	2	3	3	2	2	2	2	1
4213	1	2	2	2	2	2	2.53096824178601	2	3	1	1	1	2	1	2	2	2	3
4220	1	2	2	2	2	3	3	1	4	1	2	4	2	2	2	2	1	2
4231	1	1	2	4	3	2	4	3	4	3	2	4	3	3	4	2	2	1
4233	2.65882358013032	1	2	3	3	4	4	4	1	1.89439858276321	1	3	2	1	2.64754041536092	2	2	1
4235	1	2	1	2	2	2	4	2	4	4	2	3	1.59941067732563	1	2	2	1	3
4237	4	4	2	2	2	2	3	2	3	2	2	1	2	2	2	2	1	3
4252	3	2	2	2	2	2	3	2	2	3	3	2	1	1	2	3	2	3
4255	1	3	4	2	2	2	3	3	4	4	2	1	2	2	2	2	2	1
4257	4	3	3	4	4	4	4	4	3	4	2	2	2	1	4	3	2	1
4265	3	4	3	4	4	4	3	3	3	4	2	2	3	3	3	3	2	2
4269	4	2	2	2	2	4	4	2	4	4	1	1	1	1	4	2	2	2
4273	2.01601358629981	2	1	1	1	2	2	2	4	1	1	1	1.36478331204404	1	1	1	2	2
4279	2	3	2	2	2	2	3	3	4	3	2	2	3	2	3	3	2	2
4290	4	1	1	4	4	4	4	4	2	1	4	1	2	2	2	3	2	2
4291	1	2	4	2	1	4	3	2	2	1	1	1	1	1	1	3	2	2
4297	1	1	1	2	3	1	3	1	2.52262844974612	1	1	1	1	1	2	2	2	3
4302	1	2	1	1	1	1	2	2	4	3	2	2	1	2	1	1	2	3
4313	3	2	2	3	2	3	4	3	4	2	2	3	2	2	3	3	1	2
4314	1	1	1	3	4	1	4	2	4	2	1	1	1.53896364411984	1	2	1	2	2
4326	3	4	2	4	2	2	4	4	4	2	2	2	2	1	4	4	2	1
4337	1	1	1	2	4	1	3	1	1	1	1	1	1	1	2	3	2	2
4341	1	1	1	3	4	1	3	1	1	1	1	1	1	1	1	1	2	3
4347	1	1	1	2	3	1	1	1	1	1	1	1	1	1	1	1	2	3
4364	4	1	2	3	3	3	3	2	4	4	3	1	1	1	1	1	2	2
4372	1	2	1	2	3	1	2	2	3	1	1	1	2	1	1	1	2	3
4373	3	1	1	2	2	3	1	1	3	2	1	2	1	1	1	2	2	3
4406	2	2	1	4	3	2	3	1	4	1	1	2	4	2	1	2	2	3
4409	2	1	1	2	3	2	3	2	3	3	1	1	2	2	2	2	2	2
4424	1	2	2	2	2	2	2	2	2	2	2	1	1	1	2	2	2	3
4435	2	2	2	2	1	3	1	3	3	1	1	1	1	2	1	1	2	1
4437	2	1	1	2	1	1	4	4	1	2	2	2	2	2	2	3	2	3
4443	1	1	1	2	2	1	2	1	3	3	1	1	1	1	2	2	2	2
4444	2	1	1	2	1	1	4	1	4	3	1	1	1	1	2	2	2	1
4449	2	4	2	1	2	2	4	2.28659645287267	2	1	1	1	1	1	2.00028066223049	1	1	2
4451	3	2	2	4	4	1	4	4	4	2	4	2	4	2	4	4	1	2
4453	1	2	1	1	1	1	2	1	2	1	2	3	1	1	1	1	2	3
4460	1	2	1	2	2	1	3	2	2	3	2	1	3	1	4	2	2	3
4468	4	1	1	2	2	2	2	2	4	1	1	1	1	1	1	2	2	3
4472	3	3	2	2	2	2	4	4	3	4	3	3	2	2	3	1	1	2
4476	1	1	1	1	1	1	4	2	4	1	4	1	4	1	1	1	2	3
4479	2	2	1	1	3	2	2	2	3	1	3	1	1	1	1	2	1	1
4490	2	2	1	2	2	1	1	1	1	1	1	1	2	1	2	2	2	3
4492	1	2	2	1	2	1	4	1	3	1	2	1	1	1	2	1	2	3
4496	3	2	2	4	2	4	2	2	4	4	2	2	2	2	2	4	2	2
4501	1	2	3	3	4	2	3	2	4	3	2	2	1	1	2	2	2	3
4509	1	1	1	2	1	1	2	1	1	1	2	1	1	1	2	2	2	2
4515	3	1	1	2	2	2	2	2	1	1	1	1	2	1	3	2	2	2
4521	1	1	1	4	3	1	3	2	3	4	2	1	1	1	1	2	2	3
4527	4	2	2	2	2	2	2	2	2	2	2	2	2	2	1	3	2	1
4532	3	1	1	2	3	2	3	2	3	2	2	1	1	1	3	2	2	2
4544	4	2	1	3	3	4	2	2	1	1.71648415176286	3	1	1	1	2	2	2	3
4546	1	1	1	1	2	2	1	2	3	1	1	1	1	1	1	1	2	3
4547	4	2	4	1	2	4	4	4	4	2	1	1	2	4	4	4	2	1
4553	1	2	2	3	2	1	2	1	2	1	1	1	1	1	1	2	2	3
4554	1	2	1	4	4	2	4	4	3	1	3	3	2	2	2	4	2	1
4564	1	1	1	2	1	1	2	2	4	1	1	1	1	3	3	2	2	2
4571	1	2	1	3	4	1	3	2	4	2	1	1	3	2	2	1	2	3
4574	1	3	3	4	3	4	4	2	4	3	2	2	2	2	4	4	2	1
4581	1	3	2	2	1	1	4	2	4	1	1	1	1	1	1	1	2	3
4594	2	2	2	2	2	4	3	4	4	4	4	4	2	1	2	3	2	1
4599	1	1	1	2	2	1	2	2	4	3	2	1	2	1	1	1	2	2
4600	2	4	3	2	1	2	3	2	2	2	2	1	2	2	2	2	2	1
4604	1	1	1	1	1	1	2	2	2	2	2	1	1	1	1	1	2	3
4629	2	1	1	1	1	1	2	2	3	2	1	1	2	1	1	2	2	3
4650	2	2	2	2	2	2	3	2	4	1	1	1	1	1	2	3	2	3
4656	1	3	3	2	3	1	3	2	2	1	2	1	2	1	2	2	2	3
4661	4	4	3	2	1	2	4	4	4	1	4	4	1	1	1	2	2	1
4664	2	2	2	3	2	2	3	3	2	3	2	2	2	1	2	2	2	3
4670	2	2	1	1	1	1	1	2	2	1	1	1	2	1	1	1	2	3
4678	2	2	2	3	2	1	3	2	2	2	2	1	1	1	2	2	2	3
4679	3	4	2	2	2	2	2	2	2	1	1	1	2	1	2	2	2	3
4686	1	1	1	2	2	1	1	1	4	1	1	1	1	1	2	1	2	1
4692	2	2	2	3	3	4	3	3	2	2	3	2	1	1	1	2	2	2
4693	1	1	1	2	3	2	3	2	3	4	1	1	2	2	2	2	2	2
4696	1	1	1	4	2	1	4	4	1	1	1	1	2.58079903770567	3	1	3	2	2
4714	2	3	3	3	2	2	3	2	3	2	2	1	3	2.14120690527736	2	3	2	3
4720	1	1	1	1	2	1	2	2	1	1	1	1	2	1	3	2	2	3
4724	1	1	1	2	1	1	2	2	1	1	2	1	1	1	2	1	2	3
4726	2	4	2	4	4	4	4	4	4	2	2	4	2	2	4	4	2	1
4729	1	1	1	1	1	1	2	1	2	2	2	1	2	1	2	1	2	2
4734	2	3	2	4	2	4	4	3	4	3	2	4	3	2	4	3	2	1
4739	2	2	1	2	2	2	2	2	2	1	2	1	1	2	1	2	1	1
4749	1	2	1	3	4	1	4	3	4	2	2	4	4	4	2	3	2	2
4763	3	1	1	2	2	2	3	1	3	2	2	1	1	1	1	2	2	3
4765	4	3	2	4	4	3	4	4	4	4	3	3	4	4	4	4	2	2
4768	2	2	2	3	2	3	2	2	2	4	2	1	3	2	2	2	2	1
4780	1	1	2	4	1	2	4	2	4	1	1	1	1	1	4	2	2	1
4788	1	2	2	2	2	1	2	2	3	3	2	2	4	4	1	2	2	2
4800	1	1	1	2	2	1	3	1	1	1	1	1	1	1	2	1	2	1
4804	1	2	2	4	2	2	3	2	4	2	2	2	2	2	2	2	2	1
4827	2	1	1	2	2	2	2	1	2	1	2	1	1	1	1	2	2	3
4828	4	1	2	3	3	2	4	4	4	2	3	3	3	1	2	1	2	1
4857	1	3	2	1	2	1	2	3	3	3	1	1	2	1	2	1	2	3
4863	3	3	2	2	3	3	2	2	2	2	2	1	1.4890755122572	1	1	2	2	1
4870	1	2	2	3	2	1	3	3	2	2	2	2	1.88680053275146	1.62194929772982	2	2	2	2
4878	3	1	1	4	3	2	3	1	2.58204048782489	1	1	1	1	1	2	1	2	2
4894	1	2	2	1	2	1	1	1	3	2	2	1	2	1	1	1	2	3
4903	2	1	1	2	3	1	2	2	1	1	1	1	3	1	1	2	2	3
4907	4	4	4	2	2	1	4	3	4	2	4	2	1	2	2	2	2	1
4910	4	3	3	2	2	2	2.06062204364926	1	4	2	3	1	1	1	1	2	2	1
4917	1	2	1	2	2	1	2	2	2	1	1	1	2	1	1	1	2	9
4933	2	1	1	2	2	1	3	2	3	1	2	1	1	2	2	1	2	2
4953	1	1	1	1	1.59152115430012	1	1	1	1	1	1	1	1	1	1	1	2	3
4955	1	2	1	2	2.03160932572017	1	3	1.815358537145	3	3	1	1	1	1	1	1	2	3
4956	4	1	3	2	2	4	4	4	1	1	1	2	1	1	4	2	2	2
4973	2	3	2	3	2	3	3.01556570280205	2.74088428845736	4	2	3	2	2	1	2	2.31711781708835	1	2
4988	2	3	1	1	2	3	1	2	4	3	1	1	2.16309607523948	2	2	1	2	2
4989	3	3	4	3	3	4	2	2	4	2	2	2	2	2	1	1.90081619769221	2	1
4996	1	2	3	4	1	2	4	1	4	2	3	2	1	1	4	2	1	1
5006	1	2	1	2	3	1	2	1	3	1	1	1	1	1	2	1	2	3
5009	2	2	2	3	3	2	3	2	3	2	2	2	2	2	3	2	2	1
5022	1	1	1	3	2	1	1	1	3	3	1	1	1	1	1	2	2	3
5033	2	4	3	4	4	4	4	2	1	1	1	1	1	1	4	4	2	2
5039	1	2	1	2	2	1	2	1	2	1	1	1	2	2	1	2	2	3
5044	2	1	1	2	2	2	2	2	2	2	2	2	1	1	2	3	2	2
5057	4	4	3	3	2	4	4	2	4	4	2	2	1	3	4	2	2	3
5059	1	2	1	2	2	1	3	2	3	2	2	1	3	2	3	1	2	1
5069	1	2	1	1	1	1	1	1	1	1	1	1	1	1	1	1	2	2
5074	3	1	2	4	4	4	2	2	4	2	2	4	1	1	2	2	2	2
5080	2.5736711743599	2	2	2	2	3	3	2	3	2	3	1	2.51310338781099	3	2	2	2	3
5086	2	2	2	1	2	4	3	2	4	2	2	2	2	1	2	2	2	2
5095	1	2	1	2	3	1	2	1	3	3	1	1	2	2	1	2	2	3
5096	1	2	2	3	3	4	2	3	3	3	2	1	1	2	2	2	2	2
5100	1	2	1	1	1	1	2	2	2	1	2	2	1	1	2	1.70552858322826	2	3
5104	1	1	1	2	2	1	2	2	3	2	1	1	1	1	1	2	2	2
5115	3	3	2	3	3	2	3	3	3	2	2	2	2	1	2	2	2	2
5132	1	2	3	2	2	2	2	2	2	2	2	2	1.75727579481658	1.625859249945	2	2	2	3
5151	1	1	1	2	4	1	3	2	3	2	1	2	2	2	3	1	2	3
5152	2	2.79036861389534	3	1	1	2	4	1	4	1	4	4	1	1	2.0572927866052	1	1	1
5153	2	1	1	3	2	1	3	2	2	2	2	1	1.83869330725801	2	1	2	2	3
5158	1	2	2	2	1	2	3	1	3	3	2	1	2	1	2	2	2	1
5165	2	3	1	2	2	4	4	3	3	3	2	3	2	3	2	2	2	1
5176	1	1	1	4	4	2	3	2	4	4	4	2	2	3	1	2	2	2
5177	4	3	3	3	3	4	4	3	3	2	1	3	1	3	4	2	2	1
5182	4	3	3	2	2	3	3	2	3	3	1	2	1	1	3	3	2	3
5185	2	1	1	2	2	1	2	1	3	3	1	1	1	1	1	1	2	3
5194	1	2	1	2	4	1	3	3	3	4	2	1	2	1	2	3	2	2
5196	4	3	3	4	3	2	3	3	4	2	2	1	2	2	2	3	2	1
5215	1	2	1	2	3	1	2	2	3	1	1	1	1	1	1	1	2	3
5216	2	3	2	2	1	3	3	2	2	1	2	2	1	2	2	2	2	2
5219	1	1	1	1	1	2	2	2	3	2	1	1	2	1	2	2	2	3
5225	1	1	1	4	4	4	2	2	4	2	1	2	4	4	2	2	2	2
5229	3	2	2	2	3	4	2	1	1	2	2	2	1	1	1	2	2	3
5230	2.52804605392345	2	2	1	3	3	4	2	2	1	2	2	2	2	3	2	2	3
5235	1	2	1	2	2	1	2	2	2	2	1	2	3	2	2	1	2	1
5243	4	3	2	2	2	4	3	2	4	2	2	2	2	2	2	3	2	1
5249	3	3	3	3	2	2	4	4	4	4	2	1	4	1	3.02939241689661	2	1	2
5250	2	1	1	1	2	1	1	1	3	1	1	1	1	1	1	1	2	3
5254	4	2	2	4	3	4	4	3.07293967110767	4	3	3	1	3	1	3	2	2	3
5257	2	2	2	2	2	3	2	2	3	2	2	1	1	1	2	2	2	3
5259	4	3	3	2	4	4	4	2	4	2	2	2	4	2	2	2	1	2
5262	1	2	2	2	1	1	4	3	4	3	3	1	1	1	2	2	2	3
5265	2	1	1	2	2	1	3	1	2	3	2	1	1	1	2	2	2	3
5269	3	2	1	2	4	4	1	2	4	1	1.66454427670392	2	1	1	2	2	2	1
5273	4	3	1	4	2	2	1	1	2	1	1	1	3	3	1	1	2	3
5282	4	3	4	2	4	4	2	1	4	1	2	4	2	2	1	2	1	1
5288	3	2	2	4	4	4	4	4	4	4	2	2	3	3	3	4	2	1
5310	1	1	1	4	3	1	1	2	2	3	1	1	2	1	2	2	2	2
5316	2	1	1	4	4	2	1	1	1	1	1	1	1	1	1	1	2	3
5318	2	2	2	2	2	2	2	2	3	2	2	1	1	1	1	2	2	3
5322	2	2	2	2	2	1.87434531082463	3	2	2	2	2	1	1	1	1	2	1	3
5328	2	1	1	1	2	2	4	3	1	1	1	1	2	2	3	2	2	2
5335	1	4	2	2	2	4	3	3	4	4	2	2	4	2	4	2	2	1
5341	1	2	2	2	2	1	2	2	2	1	1	1	2	2	2	1	2	3
5378	3	3	4	1	2	3	2	3	2	1	1	1	1	2	2	2	2	3
5383	1	2	2	1	2	2	1	1	1	1	1	1	1	1	1	2	2	3
5395	1	1	1	3	2	2	3	1	2	2	2	1	1.17591850257321	1	1	2	2	3
5398	4	3	2	2	4	4	3	2	4	2	2	2	4	4	2	2	2	3
5417	1	2	2	1	1	1	1	1	3	1	1	1	1	1	1	1	2	2
5424	2	2	2	2	2	2	3	2	3	2	2	2	2	2	2	2	2	2
5442	1	1	1	2	2	1	1	1	2	1	1	1	1	1	1	1	2	3
5448	2	2	2	3	3	2	3	2	2	2	2	2	2	2	3	2	2	3
5451	1	1	3	2	2	1	4	2	3	3	1	1	2	1	3	2	2	3
5471	3	2	1	2	2	2	3	2	3	1	1	1	1	1	4	2	2	3
5477	1	1	1	1	1	1	1	1	2	1	1	1	1	1	2	1	2	2
5489	1	2	2	2	2	1	3	2	2	1	1	4	2.05239037915692	2	3	1	2	1
5493	1	1	2	3	2	2	2	2	2	2	2	2	2	2	2	2	2	1
5497	4	2	2	2	1	1	2	2	2	1	2	2	1	2	2	2	2	2
5501	1	1	2	4	3	1	2	2	2	1	2	1	1	1	2	2	1	3
5511	1	1	1	1	1	1	1	1	1	1	1	1	1	1	2	1	2	3
5517	3	2	2	3	3	4	3	3	3	3	2	2	3	2	4	3	2	2
5527	2	1	1	1	1	1	4	2	4	1	2	1	1	1	2	2	2	2
5528	3	2	1	2	2	2	3	3	3	4	1	1	4	4	2	2	2	2
5540	3	3	1	1	2	2	2	2	3	2	1	1	1	2	2	2	2	2
5561	4	4	4	1	2	1	2	2	3	1	1	1	2	2	2	3	2	2
5577	3	2	2	2	2	2	3	3	3	2	2	2	4	2	2	2	2	1
5579	1	1	1	1	2	1	1	1	2	1	1	1	1	1	1	1	2	3
5588	1	2	1	2	2	2	2	1	2	2	2	1	2	2	2	1	2	3
5591	1	2	1	2	1	1	3	2	3	3	3	1	2	1	1	1	2	1
5609	2	2	2	3	3	3	3	3	3	3	3	2	2.17463724186734	1.97498005094974	2	3	2	1
5617	3	3	3	2	2	3	4	4	3	3	3	1	2	1	2	3	2	3
5626	2	3	1	2	3	3	1	1	3	1	1	1	1	1	2	1	2	3
5632	3	3	2	2	1	1	4	1	4	2	2	1	1	1	4	2	2	1
5664	1	2	1	2	3	1	3	2	4	3	2	2	2	2	2	2	2	2
5665	1	3	2	2	2	2	3	2	4	2	3	1	3	3	2	2	1	2
5670	1	2	1	1	3	1	3	2	3	1	1	1	2	3	1	1	2	2
5674	1	3	2	2	2	3	3	2	3	2	1	3	1	1	1	2	2	3
5695	1	1	1	2	1	1	2	2	3	2	1	1	1	1	1	1	2	3
5696	1	1	1	2	1	1	2	1	4	3	1	1	3	1	1	1	2	3
5702	2	2	2	2	2	2	2	2	2	3	2	1	2	1	2	2	2	3
5706	4	4	4	4	4	4	4	2	4	2	2	2	2	2	1	2	2	2
5707	3	1	1	2	3	3	2	2	3	1	1	2	2	1	2	1	2	3
5755	1	2	1	1	1	1	1	2	2	2	2	1	2	2	1	2	2	2
5770	1	1	1	2	2	1	1	1	2	1	1	1	1	1	1	1	2	2
5773	4	4	2	4	3	2	4	4	3	4	3	3	2	2	4	2	2	1
5774	2	2	2	2	3	2	2	2	3	1	2	1	2	1	1	1	2	2
5780	1	1	1	2	2	1	3	3	3	4	3	2	1	1	4	1	2	3
5783	1	1	1	2	3	1	1	2	2	1	2	3	1	2	1	1	2	3
5784	4	4	2	2	4	1	4	4	4	4	4	4	4	4	4	4	2	2
5796	4	3	2	3	3	2	3	2	2	2	2	2	2	2	3	2	2	1
5800	2	2	2	2	3	4	1	3	4	3	2	1	2	1	2	2	2	2
5803	2	2	2	2	2	2	2	2	3	3	2	1	2	3	2	2	2	1
5816	4	4	1	3	1	4	4	3	4	3	3	1	1	1	3	3	2	1
5818	2	2	2	2	2	1	2	2	2	2	2	1	2	1	1	2	1	3
5822	1	1	1	2	4	4	4	4	1	4	1	1	2	1	2.97126004547867	3	2	1
5824	3	2	2	3	4	4	2	1.93479734939391	3	2	1.82276164386517	1	2.64084359924688	3	2	1.94798671081472	2	1
5832	1	1	1	1	1	1	3	2	3	3	1	1	1	1	1	3	2	3
5858	3	2	2	1	2	2	1	2	3	1	2	2	1	1	1	1	2	2
5871	4	1	1	3	4	3	4	3	3	2	1	2	1	1	2	3	2	3
5888	1	2	1	1	1	2	4	4	2	2	2	1	1	1	2	3	2	2
5890	4	4	3.18272820669425	2	2.33550491942018	4	4	4	4	2	4	2.58473045667041	2	2	3.24983881039537	4	1	9
5901	1	2	2	1.9758992250154	2	2	2	2	2	1	1	2	1	1	2	2	2	2
5911	1	2	2	2	1	3	4	4	4	2	3	2	2	1	4	4	1	3
5917	1	1	1	1	1	1	4	4	4	3	3	1	2	1	2	4	2	2
5929	1	2	3	3	3	2	3	2	3	3	3	1	2	1	1	1	1	1
5930	2	2	1	4	4	3	4	2	4	1	1	1	2	2	1	2	2	3
5934	1	1	1	3	3	1	2	2	3	3	1	1	1	1	2	1	2	3
5935	2	1	1	2	2	1	3	2	2	2	2	1	2	1	4	3	2	1
5942	4	2	1.76377014291729	1	3	1	3	2	2	4	2	2	2.19232783892854	1.76472707546453	3	3	2	1
5947	2	3	2	3	3	3	4	3	4	3	3	3	4	4	4	3	2	1
5978	1	2	1	4	3	1	4	4	4	4	2	2	2	2	4	4	2	2
5982	4	2	3	2	2	2	1	1	2	1	1	1	2	1	1	1	2	1
5992	3	1	1	1	2	1	1	1	2	1	1	1	1	1	1	1	2	3
6003	4	4	4	2	4	1	4	4	4	3	2	3	4	2	4	4	2	3
6006	1	2	2	2	3	2	3	2	3	2	2	2	2	1	3	3	2	3
6011	1	2	3	2	3	2	3	4	3	3	3	2	3	2	4	4	1	2
6020	3	2	3	4	2	2	3	2	3	2	2	1	2	2	2	2	2	3
6033	4	2	2	2	1	2	4	4	2	2	2	2	4	2	4	4	1	3
6034	1	1	1	4	4	1	4	4	4	4	2	2	4	4	1	4	2	2
6049	3	3	2	3	3	3	3	2	3	3	2	1	1	1	3	2	2	1
6055	1	2	2	1	1	1	1	1	3	1	2	1	1	1	2	1	2	3
6060	2	2	2	4	3	2	2	1	4	2	2	2	3	2	2	3	2	3
6078	1	2	2	1	1	2	2	1	2	2	2	1	1	1	1	2	2	3
6083	3	2	2	2	2	4	3	2	3	2	2	1	1	1	3	1	1	2
6092	2	2	2	2	1	1	3	2	2	2	2	1	1	1	2	2	2	2
6099	4	3	1	3	3	2	3	1	3	1	1	1	4	1	2	1	2	2
6104	1	1	1	2	3	1	3	2	3	2	2	1	1	1	2	1	2	3
6108	4	4	3	3	2	3	1	2	3	1	3	1	1	1	1	2	2	3
6122	2	2	2	3	3	2	2.85336736382879	2.50671324597951	3	2	2	2	2	1.73662016291613	2	2	2	3
6123	1	1	1	1	1	1	1	1	3	1	1	1	1	1	1	1	2	3
6125	4	4	1	4	1	4	4	4	4	4	4	4	1	3	4	1	1	1
6127	1	1	2	2	2	2	3	2	3	1	2	2	2	1	2	2	2	3
6132	2	2	1	2.00686824123083	1	2	4	3	2.74962596315716	1	1	1	1	2	3	2.46327641132192	2	2
6133	2	3	3	2	2	3	4	4	3	3	1	1	3	2	2	3	2	3
6147	4	4	4	2	2	4	4	4	4	4	4	1	4	4	4	4	2	2
6148	1	2	1	3	3	1	2	2	2	2	2	2	2	1	1	2	2	3
6159	3	4	2	2	2.34017357717064	4	2	2	4	4	1	1	2	2	2	4	2	3
6161	2	2	2	2	1	2	4	4	4	4	1	3	4	4	4	4	2	1
6173	1	2	2	2	1	1	1	1	1	1	1	1	1	1	2	2	2	3
6175	3	2	1	1	2	4	4	4	3	1	1	1	2.45526143194301	2	4	2	2	2
6188	4	1	1	2	2	4	3	2	3	1	1	1	2	1	2	1	2	2
6189	2	1	2	3	3	3	1	1	4	1	1	1	1	1	1	1	2	3
6190	3	2	2	4	3	4	3	2	3	3	3	2	3	2	3	4	2	1
6200	4	1	1	3	3	1	3	2	3	2	3	2	3	2	3	1	2	2
6226	1	4	3	4	4	1	3	2	4	2	2	3	2	2	2	3	2	2
6230	2	2	2	2	2	2	4	2	4	4	1	1	2.15043387419596	1.74145166335804	2	4	2	3
6234	1	2	2	4	2	1	2	1	3	1	1	1	3	1	2	1	2	3
6243	4	2	4	4	4	4	4	4	4	4	4	2	1	1	4	4	2	1
6247	2	2	2	2	2	2	2	2	4	2	3	1	1	1	2	2	2	3
6250	1	2	2	2	3	3	1	2	2	2	2	1	2	2	1	2	2	3
6253	3	3	3	4	4	3	3	3	4	3	2	2	2	2	3	2	2	3
6266	2	2	1	2	1	1	2	1	3	2	2	1	2	1	2	2	2	3
6281	3	2	1	1	2	3	3	2	2	1	2	1	1	1	2	2	2	3
6285	2	2	2	3	2	2	4	3	4	3	3	2	2	2	3	3	2	3
6288	1	1	1	4	4	2	4	4	3	4	3	1.99084673386092	2.2664297568329	2.04806424338359	1	3	2	3
6292	2	2	1	1	2	1	2	1	3	2	2	1	1	1	1	1	2	3
6296	1	2	1	2	2	2	4	3	4	4	1	1	2	2	2	2	2	2
6301	3	2	1	3	3	2	2	1	3	2	1	1	1	1	1	1	1	2
6305	1	3	1	2	2	2	4	4	3	4	3	1	4	2.49397946447659	3	2	2	1
6307	3	2	2	4	4	4	2	2	2	2	4	1	2	1	2	2	2	3
6313	1	1	1	1	1	1	1	1	1	1	1	1	1	1	1	1	2	3
6321	1	1	1	2	2	2	2	1	2	2	1	1	2	2	1	1	2	3
6326	1	2	1	1	1	1	2	2	3	1	1	1	2	1	2	2	2	3
6332	1	1	1	3	3	1	2	2	2	1	1	1	2	2	1	1	2	3
6334	2	2	3	3	3	3	3	3	3	2	2	1	1	1	2	2	1	2
6337	2	2	2	3	3	2	3	2	3	2	2	1	1	1	2	1.94715005818328	2	2
6352	1	2	2	2	2	1	2	1	2	2	1	1	2	2	2	1	2	3
6369	4	2	2	4	2	1	1	1	4	1	1	1	2	2	1	1	2	2
6376	1	3	2	1	2	1	4	4	4	4	3	3	2	2	3	2	2	2
6379	1	3	2	2	3	2	2	2	4	1	1	1	2	1	2	1	2	2
6383	2	2	2	2	3	1	2	2	2	2	2	1	1	1	1	1	2	3
6390	1	2	1	1	2	2	2	1	2.48184389211855	1	1	1	1	1	2	1	2	3
6399	1	2	2	2	3	1	2	2	4	2	2	1	2	2	1	2	2	1
6404	4	2	1	1	2	4	2	1	2	2	2	1	1	1	2	2	2	3
6410	1	1	1	2	2	1	2	1	2	1	2	1	2	1	2	1	2	3
6416	1	2	2	2	1	1	4	4	3	3	1	2	2	1	4	2	2	2
6425	1	1	1	2	2	1	2	1	3	2	1	1	1	2	2	1	2	3
6427	4	2	1	2	3	2	2	2	3	2	1	1	2	2	1	1	2	3
6430	1	1	1	1	1	2	2	2	2.36603601425509	1	1	1	1	1	1	1	2	3
6435	2	2	2	4	3	2	3	2	2	2	2	3	2	2	4	2	2	3
6438	3	3	4	2	2	2	4	4	4	2	2	2	4	2	2	4	2	2
6443	1	1	1	2	2	1	3	2	2	2	2	1	2	1	3	2	2	3
6448	3	2	2	2	2	3	2	1	2	1	1	1	1	1	2	2	2	2
6453	1	1	1	3	2	1	2	1	4	2	2	1	3	1	1	2	2	3
6455	4	2	2	4	4	1	4	3	4	1	1	3	2	2	3	2	2	2
6467	1	1	1	4	2	1	4	4	2	2	1	1	1	1	1	2	2	2
6479	1	3	2	1	2	2	4	1	3	2	1	1	1	1	2	2	2	3
6490	1	2	1	3	2	1	2	2	3	1	2	1	1	1	2	1	2	2
6494	1	2	2	2	4	2	4	4	4	2	2	2	4	2	4	4	2	2
6501	1	2	2	4	4	2	4	4	2	2	1	2	2	2	2	2	2	2
6503	1	2	2	1	2	2	1	1	2	1	1	1	1	1	1	1	2	3
6506	1	1	1	2	1	1	3	1	2	1	1	1	2	2	1	2	2	2
6507	1	1	1	2	3	1	2	2	3	3	2	1	1	1	2	2	2	2
6509	1	1	1	2	2	1	2	1	3	2	2	2	2	2	1	1	2	3
6513	1	1	1	1	1	1	1	1	1	1	1	1	1	1	1	1	2	3
6517	1	1	1	1	1	1	1	1	1	1	1	1	1	1	1	1	2	3
6518	2	2	2	4	4	2	4	2	2	2	1	1	2	2	2	1	2	2
6520	3	1	1	3	3	3	4	4	3	2	2	1.66262871441462	2.10701675869394	1.70705065440185	1	3	2	1
6522	1	2	1	1	2	1	1	1	4	1.6173270653277	1	2	1	1	1	1	2	3
6525	2	2	1	3	1	2	4	4	4	4	1	1	1	1	4	4	1	1
6529	1	2	2	2	3	3	3	3	4	3	2	1	3	2	2	1	2	3
6537	4	3	2	2	2	3	3	2	3	2	2	3	1	2	2	2	2	3
6545	3	2	2	2	3	3	2	3	2	2	2	2	2	2	2	2	2	3
6569	3	3	2	1	2	3	2	1	3	1	1	1	1	2	1	2	2	3
6587	1	1	1	2	1	1	1	2	3	2	1	1	2	1	2	1	2	3
6596	1	2	1	3	3	1	4	4	4	3	1	2	2	1	3	3	1	2
6597	4	2	2	2	2	4	2	2	4	4	2	2	4	1	2	1	2	1
6609	4	1	2	1	1	1	4	1	4	1	1	1	1.68086320113967	1.32287724370189	4	2	2	2
6615	4	3	2	2	3	3	4	4	3	3	2	1	4	2	4	2	2	2
6620	1	1	2	4	2	1	4	3	2	2	3	2	1	1	2	2	2	1
6645	3	2	2	2	2	2	2	2	4	2	2	2	2	1	2	2	2	2
6647	4	3	2	1	1	3	4	4	4	4	3	1	2	3	3	2	2	1
6652	3	3	2	2	2	2	2	2	3	3	2	2	3	2	1	2	1	1
6665	4	2	2	4	2	4	4	2	4	3	2	2	2	2	2	2	2	2
6672	4	2	2	2	3	3	3	3.04536920133497	3	3	2	2	3	2	3	3	1	3
6696	1	1	1	2	2	1	3	1	2	2	1	1	2	1	1	1	2	3
6703	1	4	2	2	2	1	3	2	3	3	3	1	1	1	2	2	2	2
6706	4	2	1	4	2	4	4	2	3	1	1.60278706704642	1	1	1.26872584756407	2	2	2	3
6724	1	2	2	2	3	2	3	2	4	2	2	1	1	1	1	1	2	3
6725	1	2	1	2	2	1	3	2	2	2	2	1	1	3	2	2	2	2
6737	2	1	1	2	2	2	2	1	3	3	2	1	1	1	2	1	2	2
6738	1.97249490545069	2	4	2	2	2	2	2	4	2	2	2	1	2	1	2	2	2
6743	1	1	1	2	1	1	1	1	3	2	1	1	1	1	1	1	2	3
6773	2	2	1	2	2	2	2	2	2	2	2	1	2	2	3	2	2	3
6783	1	1	1	1	1	1	1	3	1	1	1	1	1	1	1	1	2	3
6784	1	3	2	2	2	3	3	3	3	1	2	1	3	2	1	3	2	2
6797	4	2	2	2	2	3	2	1	4	1	2	1	1	1	2	1	2	3
6807	2	1	1	2	2	3	2	2	2	2	2	2	2	2	2	2	2	9
6808	4	2	3	4	3	1	4	4	3	3	3	3	2	2	4	2	2	2
6816	1	1	1	2	2	1	2	2	3	3	1	1	1	1	1	1	2	3
6823	1	1	1	1	1	1	2	1	3	1	1	1	1	1	2	1	2	2
6831	1	2	2	2	1	3	2	1.65852850911414	4	4	2	1	1	1	2	1	2	1
6838	1	2	2	2	2	1	2	1	2	1	1	1	1	1	1	1	2	3
6844	3	1	1	2	2	2	4	3	3	2	2	1	2	1	1	3	2	2
6845	1	1	1	2	3	1	2	2	2	2	1	1	1	1	2	2	2	3
6853	2	2	2	2	3	3	1	1	4	1	2	1	2	1	1	3	2	3
6857	4	2	4	3	3	2	2	3	2	1	3	1	1	1	1	2	2	3
6867	3	1.70628808832829	1	2.06274129821669	2	2	2	2	3	1	1	1	2	2	3	2	2	3
6896	1	1	1	2	3	1	3	2	2	1	1	1	1	2	2	1	2	3
6910	1	1	1	4	1	1	2	1	1	1	3	1	1	2	4	4	2	3
6911	1	1	1	3	4	2	3	2	3	2	3	1	2	2	2	2	2	2
6926	2	2	1	2	2	1	2	1	3	1	1	1	1	1	2	2	2	3
6930	1	1	1	3	3	2	3	2	1	3	3	2	2	1	1	2	2	3
6934	1	1	1	2	3	1	4	2	2	1	2	1	2	2	3	1	2	2
6935	2	2	2	2	3	3	3	2	3	2	2	1	2	1	3	2	2	1
6948	1	2	1	2	1	1	4	4	2	2	2	4	4	2	4	4	2	2
6953	4	2	2	4	2	1	4	4	2	4	1	2	2	1	4	4	2	2
6956	3	3	2	4	4	1	3	3	4	4	2	4	3	3	2	2	1	2
6973	4	4	3	2	2	4	3	2.84578039048624	3	2	2	3	3	2	2	3	2	1
6976	2	2	2	2	2	2	2	2	2	2	2	1	1	1	1	2	2	3
6996	3	2	2	2	2	2	4	2	4	2	1	1	2	2	3	3	2	2
6998	2	2	2	3	3	3	3	3	3	3	2	1	3	1	3	2	2	2
7010	2	1	1	2	2	4	2	2	4	1	2	1	1	1	1	2	2	3
7011	3	2	2	3	2	4	4	2	3	2	2	2	1	1	2	2	2	3
7015	1	2	2	2	2	1	2	2	4	2	1	2	2	2	1	2	2	2
7023	1	2	2	2	3	1	2	2	3	3	1	1	1	1	3	2	2	1
7033	3	2	1	3	3	2	3	1	2	3	1	1	1	1	1	2	2	3
7039	2	2	2	2	3	1	3	2	3	3	2	1	1	1	2	2	2	3
7056	2	2	2	3	2	2	3	3	3	2	2	2	2	2	2	2	2	1
7057	2	2	2	3	2	2	2	3	3	2	2	2	2	1	2	2	1	1
7058	2	2	2	4	3	2	3	2	2	1	2	1	2	2	3	3	2	2
7060	2	3	3	1	2	3	4	2	4	4	1	1	3	2	4	4	2	2
7062	1	2	1	1	1	1	1	1	2	1	1	1	1	1	1	1	2	3
7063	3	2	2	1	2	2	3	2	4	3	2	1	4	2	4	2	2	2
7070	2	2	2	2	2	2	2	2	2	2	2	1	1	1	1	1	2	3
7074	1	2	2	2	3	1	2	2	2	2	2	1	1	1	2	1	2	3
7086	1	2	2	2	2	2	2	2	2	2	2	2	2	2	2	2	2	1
7089	3	4	2	4	2	2	4	2	4	2	2	4	2	2	2	2	2	1
7096	2	2	2	2	3	4	3	3	3	1	3	1	2	1	2	2	2	1
7098	1	2	1	2	2.17354628947036	2	1	2	3	3	1.6646109470835	1	1	1	1	1	2	2
7109	1	1	1	1	1	1	1	1	3	1	1	1	1	1	1	1	2	3
7123	1	1	1	4	2	2	4	2	2.54540492355592	1	1	1	1	1	2	4	1	2
7131	1	1	1	1	2	1	1	1	3	1	1	1	1	1	1	1	2	3
7134	3	2	2	3	4	3	4	4	4	4	3	2	2	1.82301504053203	4	2	2	1
7142	3	2	2	1	2	3	3	2	3	2	1	1	1	1	1	3	2	3
7144	2	2	2	2	2	3	2	2	2	1	2	1	1	1	1	2	2	1
7146	4	3	2	2	2	4	4	2	2	2	2	2	2	3	4	3	2	2
7148	2	1	1	1	2	1	1	1	1	1	2	1	1	1	1	1	2	3
7150	1	1	1	1	1	1	2	1	1	1	1	1	1	1	1	1	2	3
7151	4	2	2	3	3	3	2	2	3	1	2	1	2	1	2	2	1	2
7159	1	1	1	2	2	1	2	1	2	1	2	1	1	1	2	2	2	3
7162	1	3	1	1	2	2	4	3	3	3	2	1	3	3	4	4	2	2
7177	4	4	2	1	1.45915129210293	2	2	1	4	4	1	1	1.99299927770453	1.58552147445681	1.79689793789558	1.53848650795752	2	3
7207	4	2	2	2	2	2	4	2	3	1	2	2	1	3	2	2	2	1
7208	1	1	2	1	2	2	2	2	3	2	2	1	2	1	1	1	2	2
7210	1	2	2	2	1	1	2	2	3	1	1	1	3	1	2	2	2	1
7243	3	2	1	2	1	2	4	4	1	1	1	1	1	1	4	4	1	2
7245	3	2	2	2	2	1	2	2	2	2	2	2	2	2	2	2	2	1
7257	4	4	1	4	3	1	4	3	1	1	1	1	1	1	1	2	1	3
7270	1	2	2	2	3	1	3	2	3	4	2	2	2	2	3	3	2	2
7278	1	1	1	1	2	1	3	1	3	1	1	1	1	1	1	1	2	3
7279	4	3	1	4	2	1	2	2	2	1	3	1	2	1	1	1	2	3
7281	1	1	1	3	2	2	4	2.56318176102476	4	2.31870326843946	1	1	1.99533852417983	1.61383136931274	4	2	2	2
7282	3	3	3	3	3	4	3	3	4	2	2	1	2	2	2	2.37614499515736	2	1
7286	4	2.01594531710204	1.77924075989419	2.8938966789968	4	4	2.489072657324	1	1	1	1	1	1	1	4	1	2	3
7293	1	2	1	1	1	1	1	1	1	2	1	1	2	1	1	1	2	1
7295	1.93371546881423	3	2	1	1	1	2.21691914405601	1.9662053440973	2	1.83007477973872	2	1	3	1	2	2	2	3
7299	1	1	1	1	1	2	2	2	3	2	1	1	1	1	1	1	2	3
7313	1	2	2	1	1	1	2	1	1	2	2	1	2	1	2	1	2	3
7322	4	2	1	3	3	2	3	1	1	2	2	1	1	2	1	1	2	1
7327	1	1	1	4	4	1	3	3	4	3	1	2	4	4	4	3	2	3
7337	1	2	2	3	3	1	4	4	4	1	1	1	4	2	2	3	2	2
7346	1	1	1	1	4	1	1	1	3	1	1	1	1	1	1	1	2	3
7355	2.47257894208426	1	1	2	2	4	2	2	4	3	2	2	2	2	2	1	2	2
7368	1	1	1	3	3	3	3	2	3	1	2	1	3	2	4	2	2	3
7380	3	3	1	1	1	4	2	2	3	2	1	1	2	2	2	2	2	2
7387	3	2	2	2	4	4	3	2	2	2	2	2	4	4	2	3	2	1
7394	3	1	1	2	2	1	2	2	2	3	2	1	2	2	2	2	2	3
7410	3	1	3	2	2	4	3	2	3	4	3	2	2	2	2	1	2	1
7415	1	1	1	1	1	1	1	1	4	1	4	3	1	1	2	2	2	3
7417	1	2	1	4	3	1	3	3	3	4	1	1	3	2	4	3	2	3
7423	2	2	2	2	3	3	3	3	3	3	2	1	2	2	3	2	2	99
7424	3	1	1	1	1	1	4	4	4	1	1	1	2	2	2	4	2	2
7430	3	2	2	2	2	2	4	2	4	2	2	2	2	1.86165746622836	2	3	2	1
7444	4	2	2	2	2	4	3	2	2	1	2	1	1	1	2	2	2	3
7445	4	4	2	2	2	3	3	2	4	1	2	1	2	1	2	2	2	2
7446	3	4	3	2	3	3	2	2	4	3	3	3	2	1	2	2	2	1
7452	3	3	2	2	3	2	2	1	3	3	2	1	1	1	1	1	2	2
7454	3	1	1	4	4	1	2	1	2	2	3	1	1	1	2	2	2	3
7464	1	2	1	1	1	1	1	1	2	2	1	1	1	1	1	1	2	3
7471	1	2	2	3	4	2	3	2	3	3	2	1	1	1	3	1	2	2
7472	3	3	4	2	2	2	2	1	1	1	2	2	1.2823880235057	1	1	2	2	2
7478	2	2	2	2	3	2	4	3	3	4	4	3	3	3	4	3	2	2
7487	1	1	1	2	2	1	4	2	4	4	1	1	2	1	3	3	2	3
7489	3	2	2	3	2	2	4	2	3	1	2	2	2	2	2	2	2	1
7505	1	2	2	2	2	1	2	1	3	2	2	1	2	1.53612154604185	2	1	2	2
7517	4	3	2	3	4	4	3	3.26153047367066	3.21709770471908	3	4	2	2	2	4	4	2	2
7518	2	2	2	2	3	2	1	1	1	1	1	1	1	1	1	1	2	3
7523	4	1	1	1	1	3	1	1	2	1	1	1	2	1	1	1	2	3
7534	1	1	1	1	1	1	1	1	1	1	1	1	1	1	1	1	2	3
7536	4	2	1	2	3	3	4	3	2	2	1	2	3	2.02016232404004	2	2	2	3
7548	4	3	2	2	3	3	3	3	4	4	1	1	4	4	3	3	2	2
7558	2	1	1	2	3	4	3	2	3	3	3	2	2	2	2	2	2	2
7560	2	3	4	2	4	2	4	3	4	4	3	3	3	2	4	3	2	1
7569	4	1	1	3	4	1	2	1	3	2	1	1	1	1	2	1	2	3
7574	3	2	2	2	2	2	4	3	3	2	2	2	3	2	4	2	2	1
7586	4	3	2	2	2	2	4	4	2	2	3	2	2	2	2	2	2	1
7595	4	4	4	4	3	4	4	3	4	4	4	3	2	3	2	1	2	1
7613	4	4	4	4	3	4	4	3	4	4	3	1	3	2	3	3	1	1
7622	4	4	2	2	3	3	3	2	1	1	1	1	1.63328607888086	1	1.94818517662499	2.25521807334338	1	3
7627	1.87787764477325	2	1	2	3	2	1	1	3	3	1	1	1	1	2	2	2	3
7629	2	1	1	2	2	2	2	2	2	2	2	1	1	1	2	2	2	3
7644	2	2	1	2	2	1	3	3	2	3	1	1	3	1	1	2	2	3
7652	4	3	3	3	3	3	3	4	3	2	2	2	3	2	2	2	1	1
7654	1	1	1	2	3	1	2	2	2	2	1	1	1	1	1	1	2	3
7656	4	2	1	3	2	1	3	2.61334150297363	3	3	1	1	3	1	2	3	2	2
7657	3	2	4	2	2	2	4	2	4	2	4	2	2	2	4	4	2	3
7667	2	1	1	3	3	1	3	1	3	2	2	1	1.84050919017508	2	2	1	2	3
7671	1	1	1	4	1	1	3	1	2	2	2	1	1	1	1	1	2	2
7681	4	2	2	2	3	4	2	3	3	2	2	2	2	2	2	2	2	1
7696	1	3	3	2	2	2	2	2	4	4	2	2	2	2	2	2	2	1
7714	1	1	1	4	2	4	4	3	4	4	3	1	1	1	2	2	2	2
7716	3	2.24257557825138	2	2.58814074439844	2.60874705148312	2.60081779653089	3	2.52361506321428	3.18423200420348	3	2.14382945211901	1.78613612534132	2.10970162936085	1.75546053281866	2	2.28533529459465	2	1
7729	1	2	2	2	2	2	3	2	3	1	1	1	2	2	2	2	1	2
7733	3	2	1.78447006278985	2.37872212021423	2	2	4	3	3	4	2	2	2	2	2	2	2	1
7735	3	2	3	4	3	4	4	2	3	2	2	1	2.15436371267072	2	3	2	2	2
7739	3	2	2	2	2	2	3	2	3	2	2	2	1	2	2	3	2	3
7743	2	2	2	3	2	3	3	2	3	2	2	1	1	1	1	1	2	3
7745	3	2	2	1	2	3	3	2	4	1	1	1	1	1	2	2	2	2
7747	1	2	1	3	3	1	3	2	2	2	2	1	2	1	3	2	1	2
7767	1	3	2	2	2	1	3	3	4	4	1	2	1	3	1	4	2	1
7791	1	1	1	2	1	1	2	2	2	2	3	1	1	4	1	1	2	2
7800	1	2	2	2	3	2	3	3	2	2	2	2	2	2	2	2	2	2
7815	1	2	2	3	2	2	2	2	2	2	2	2	1	2	2	2	2	3
7824	2	2	1	2	1	1	2	2	3	1	1	1	3	1	2	2	2	2
7826	1	2	2	2	3	2	3	2	4	2	2	1	3	2	2	1	2	2
7851	3	2	4	2	2	3	4	2	1	2	2	2	2	2	2	2	2	1
7856	1	1	1	2	3	1	2	2	4	1	1	1	1	1	1	1	2	3
7863	2	2	1	1	2	1	4	3	3	2	1	1	1	2	3	2	2	2
7867	2	2	2	2	2	2	3	3	3	3	3	3	2	2	2	1	1	2
7873	3	3	1	3	3	1	3	2	3	4	3	1	2	1	3	2	2	2
7887	2	2	3	3	3	4	2	2	3	2	2	2	2	3	1	2	2	1
7891	3	2	2	3.09612617587172	3	4	4	4	2	2	2.19093277713156	1.8498948427585	2.47435470189811	2.0865214468479	3.23630532031262	4	2	2
7916	3	2	3	2	2	4	4	3	3	2	1	2	4	3	4	2	2	1
7941	2	1	2	3	3	2	1	2	1	1	1.80291603723729	1.53179227233663	1	1.05719736376556	1.69093690948475	4	1	1
7943	3	1	1	2	1	2	4	2	4	3	1	2	3	2	2	2	2	1
7944	1	1	1	2	2	1	3	1	3	1	1	1	2	1	4	2	2	1
7951	2	1.81929196543805	1.61150154032946	2	2.03142243008423	4	2	1	2	4	1	1	1	2	4	2	2	3
7964	3	3	2	2	2	2	3	2	2	2	3	2	2.48236036387291	3	1	2.21642921909892	1	1
7969	3	1	1	2	2	2	4	2	3	2	2	1	1	1	2	3	2	3
7972	4	2	2	3	2	4	3	3	4	4	2	2	2	2	2	3	2	1
7974	2	3	2	2	2	2	3	2	4	4	2	2	2	1	3	1	2	2
7987	1	1	1	2	1	1	2	1	2	1	1	1	1	1	1	1	2	3
7994	2	2	2	3	4	2	3	4	4	2	3	2	2	2	2	2	2	2
8007	3	2	1	4	2	3	4	4	2	2	2	1	2	2	2	2	2	2
8021	2	2	1	2	1	4	2	1	3	1	2	1	1	1	1	1	1	1
8022	2	1	1	2	2	1	2	2	2	1	1	1	3	1	1	2	2	2
8025	4	1	1	3	3	2	3	3	3	1	1	1	1	1	3	2	2	2
8033	1	2	2	1	1	2	3	3	4	4	1	1	1	1	2	2	1	2
8037	2	1	1	2	3	1	2	1.51463895037364	2	1.3625608104247	1.43882605891052	1	1	.912461233761346	1	1	2	2
8049	3	2	2	2	2	4	3	2	3	2	2	2	2	2	2	2	2	2
8054	1	2	2	1	1	1	2	1	3	1	1	1	1	1	1	1	2	2
8077	1	2	2	3	4	2	4	3	4	4	1	2	1	1	4	3	2	1
8081	1	2	1	3	3	1	4	1	1	1	1	4	1	1	1	2	2	3
8087	2	2	2	1	2	1	2	2	2	2	2	2	1	1	2	2	2	3
8090	3	1	1	1	1	3	4	2	4	1	1	1	1	1	2	1	2	99
8095	4	2	1	2	3	1	2	2	2	1	1	1	2	2	2	2	2	3
8100	4	4	4	2	4	4	4	4	1	3	1	2	2	2	2	4	2	2
8101	1	2	2	4	3	4	4	4	2	1	1	1	4	1	4	2	2	1
8146	1	2	2	2	2	3	2	2	4	2	2	3	2.02249843234911	2	2	2	2	1
8158	4	1	2	4	4	4	4	4	2	2	1	2	1	2	4	4	2	2
8162	2	2	2	2	3	2	3	1	4	3	2	2	2	2	1	2	2	2
8164	2	2	3	2	3	3	3	1	3	3	1	1	3	3	2	2	2	3
8180	1	2	2	2	3	2	2	2	2	2	2	1	2	1	2	2	2	3
8183	3	2	2	2	2	4	2	1	3	2	2	2	3	1	2	1	2	2
8185	2	1	1	2	2	2	2	2	3	4	2	1	1	1	3	1	2	3
8193	3	1	1	2	3	2	2	2	3	3	1	1	1	1	2	1	2	99
8196	4	4	1	1	1	4	4	4	4	1	3	1	4	1	2	3	2	3
8202	1	1	1	2	3	1	1	1	3	1	1	1	1	1	1	1	2	3
8207	3	2	2	2	3	4	3	2	3	2	2	2	4	2	1	1	2	2
8210	4	3	2	4	1	4	4	4	4	1	2	1	2	2	4	4	2	1
8213	3	3	3	3	3	2	4	3	3	3	2	3	3	2	2	3	1	2
8215	4	2	1	2	2	1	3	1	3	3	1	1	1	1	3	1	2	3
8223	2	2	2	2	2	2	2	2	2	2	2	1	2	1	2	2	2	3
8246	4	2	2	4	2	4	4	2	3	4	4	1	3	2	4	3	2	3
8259	3	1	1	3	3	3	2	2	3	3	2	2	3	2	2	3	2	2
8263	2	1	1	4	3	2	3	2	3	2	2	1	1.47393309088783	1.24012860256917	1	2.04403697568477	1	3
8270	4	1	1	4	2	4	3	2	3	1	1	1	2	2	2	2	2	3
8273	1	1	1	2	3	1	1	1	2	1	1	1	1	1	1	1	2	3
8286	1	2	2	4	4	4	4	3	3	3	1	3	3	3	4	4	2	2
8290	2	2	2	4	3	2	3	3	2	2	2	1	2	2	2	2	2	2
8301	2	2	2	3	2	1	3	2	3	2	1	1	2	1	3	2	2	3
8308	1	1	1	2	2	2	1	2	2	1	3	1	1	1	2	2	2	2
8313	4	4	2	1	2	1	3	1	3	2	1	1	3	4	1	1	2	2
8323	1	2	1	1	1	1	2	1	2	1	1	1	2	1	1	1	2	3
8342	2	2	4	2	2	2	2	2	4	1	1	1	1	1	2	2	2	1
8361	1	1	1	1	1	1	1	1	2	1	1	1	1	1	1	1	2	3
8365	1	1	1	1	1	1	1	1	2	2	2	1	1	1	1	2	2	3
8371	3	2	2	4	4	4	3	2	2	4	3	3	2	1	2	2	2	2
8373	3	2	2	1.85553942078726	2	2	2	1	2	1.23414882835069	1	1	1	1	2	1	2	3
8381	2	2	3	2	3	2	3	3	2	3	2	1	2	2	3	3	2	2
8390	4	3	3	3	2	4	3	1	2	2	2	1	3	4	2	2	2	3
8418	3	2	2	3	3	1	1	1	3	1	2	1	2	1	1	1	2	3
8430	1	1	1	2	3	1	4	3	4	1	1	1	1	1	1	1	2	2
8436	1	2	2	4	4	2	3	2	2	2	2	2	1	1	2	4	1	3
8443	3	2	2	4	4	1	4	4	2	1	1	2	1	1	1	4	2	1
8449	1	4	1	2	1	4	4	4	4	4	3	4	4	4	4	4	1	9
8450	1	2	2	2	4	3	4	4	4	4	2	2	2	2	4	4	1	3
8452	1	1	1	2	2	1	2	2	1	1	2	1	1	1	1	3	2	1
8456	2	2	2	1	2	2	4	2	3	3	2	2	2	2	2	2	2	2
8457	4	1	1	1	1	2	1	1	3	1	1	1	3	3	1	1	2	3
8458	2	2	2	2	2	2	2	2	2	3	2	1	1	1	2	3	2	3
8474	1	1	1	1	1	1	3	3	2	2	2	1	2	1	3	3	2	3
8485	1	1	2	1	1	1	4	3	4	4	1	1	3	1	2	2	2	2
8501	2	1	1	4	4	3	4	4	4	4	1	1	2	2	1	4	2	3
8508	2	1	2	2	3	1	3	3	3	2	2	2	2	1	2	3	2	2
8511	2	3	2	3	2	2	3	2	3	2	2	2	2	1	1	2	2	1
8517	2	1	1	2	2	4	3	2	4	1.95615613844823	1	1	1	1	2.1771862257039	1.87085299654974	2	1
8518	1	2	2	4	3	2	4	1	4	1	1	1	1	1	2	2	2	9
8519	1	1	1	1	1	1	1	1	3	1	1	1	1	1	2	1	2	2
8521	4	4	4	2	2	1	4	3	4	4	2	2	4	2	1	4	2	2
8529	1	3	2	4	3	2	4	3.43246850157858	4	4	3	2	2	1.84737244992508	3.00639491060151	3.04231612252944	1	1
8532	2	3	2	4	4	1	3	1	3	1	1	1	2	2	1	2	2	3
8536	1	2	1	2	1	2	1	1	1	2	2	1	1	1	1	1	2	3
8539	1	2	3	3	2	2	3	2	3	2	2	2	2	2	2	1	2	3
8551	1	1	1	1	2	3	2	2	2	1	3	1	1	1	2	1	2	3
8556	1	2	2	1	1	1	4	1	1	4	4	1	1	2	1	1	2	1
8570	1	2	2	2	2	1	3	2	3	3	1	1	4	2	3	2	2	2
8573	1	1	1	3	1	1	2	1	3	1	1	1	1	1	1	1	2	2
8597	2	2	2	2	2	3	3	2	3	1	1	1	2	1	2	1	2	2
8600	1	1	1	2	1	2	2	2	2	1	1	1	1	1	1	1	2	3
8608	2	1	1	1	2	2	2	1	2	1	1	1	1	1	1	2	2	3
8630	4	1	1	2	4	2	2	2	4	4	1	4	4	1	2	2	2	1
8638	2	2	4	4	2	2	4	4	4	2	2	2	3	2	4	4	2	1
8641	2	1	1	4	3	4	4	4	2	3	2.1780408654867	1	4	4	2	4	1	3
8656	1	2	2	2	2	1	2	2	3	1	2	1	2	2	2	1	2	2
8666	3	1	2	2	1	3	4	2	3	2	2	2	1	1	3	2	2	1
8675	3	2	2	2	3	2	3	2	3	2	2	2	2	2	2	2	2	3
8688	3	2	1	2	2	3	2	1	4	3	2	1	3	2	2	1	2	3
8690	2	2	1	2	2	3	3	2	3	2	2	2	2	2	2	2	2	1
8701	2	2	1	2	3	2	3	2	3	3	3	2	2	1	2	2	2	2
8707	3	2	2	2	2	3	3	3	3	2	2	2	2	3	4	3	2	3
8710	1	2	2	3	3	2	1	1	4	1	1	1	3	2	2	2	2	2
8724	4	3	3	4	3	4	2	1	4	3	2	4	3	1	1	1	1	3
8733	2	1	1	2.31887486840886	3	2	2	2.06580559911752	3	2	2	1	1.60366075366382	1.37233329615501	2	2	2	3
8747	3	2	1	1	2	3	4	3	4	3	2	2	2	2	2	3	2	2
8752	1	3	3	2	3	3	3	3	3	3	3	3	3	2	2	2	2	1
8754	3	2	2	1	1	2	2	1	3	3	2	1	2	1	3	2	2	3
8763	3	2	2	4	4	4	2	2	1	2	2	2	2	2	2	2	2	2
8785	1	2	2	3	3	2	3	2	3	1	1	1	2	1	2	2	2	3
8793	2	1	1	2	3	2	3	3	3	2	3	1	2	1	1	2	2	3
8798	3	2	2	1	1	1	4	4	4	4	2	2	4	2	4	4	1	2
8806	1	1	1	1	1	1	1	1	2	1	1	1	1	1	1	1	2	3
8820	3	1	1	2	4	2	4	4	4	2	1	1	1	1	2	3	2	2
8821	2	1	1	2	1	1	1	1	2	1	1	1	1	1	1	2	2	3
8832	2	1	1	1	1	1	1	2	2	1	2	2	1	1	2	2	2	3
8864	3	2	2	2	2	2	4	2	4	2	2	2	2	4	2	2	2	2
8866	3	3	1	2	2	2	3	2	2	1	1	1	3	2	2	2	2	3
8875	4	2	2	2	2	4	4	3	2	2	4	2	2	1	2	2	1	2
8883	1	1	1	1	2	1	1	1	1	1	1	1	1	1	1	1	2	2
8886	1	1	2	1	1	1	2	2	2	1	1	1	1	1	1	2	2	3
8904	1	1	1	3	2	3	3	2	3	1	1	1	2	2	1	1	2	2
8908	2	2	2	2	4	1	2	4	4	3	2	1	2	1	2	2	2	2
8925	1	1	1	4	4	1	3	2	3	2	2	1	1	1	1	1	2	3
8930	1	3	3	1	2	4	4	4	2	2	3	1	2	1	4	2	2	2
8933	4	3	3	2	2	2	2	1	3	2	2	2	2	2	1	2	2	1
8947	4	4	1	4	4	4	4	4	1	1	4	1	1	1	4	4	2	3
8970	1	1	1	4	2	1	3	1	4	1	1	1	1	2	1	2	2	2
8979	1	2	2	2	1	1	3	3	4	2	2	1	1	3	3	3	2	2
8998	4	4	2	4	4	4	4	4	4	4	1	2	4	2	4	4	1	1
9028	2	2	1	2	2	1	1	1	2	3	2	1	1	1	1	1	2	3
9029	1	2	2	3	3	2	4	1	4	4	3	1	1	2	4	2	2	2
9038	3	1	4	2	4	4	4	4	2	1	4	2	2	2	2	2	2	2
9046	3	3	3	2	2	3	3	2	3	3	2	2	2	2	2	2	2	2
9060	1	1	1	2	1	1	3	3	4	2	2	1	1	2	4	3	2	1
9071	1	3	2	2	1	1	2	2	4	3	1	2	2	2	2	1	2	3
9072	2	2	1	2	2	3	1	1	2	1	1	1	1	1	1	1	2	3
9075	2	4	4	3	4	2	4	4	4	4	4	4	2	2	2	2	1	3
9087	1	1	1	1	4	1	3	2	4	4	3	1	1	1	1	1	2	3
9089	2.75205976596965	3	2	3	3	3	3	3	2	2	2	2	2	2	2	2	2	2
9097	1	3	1	3	3	2	4	3	4	3	1	2	2	1	3	3	1	2
9098	1	2	2	2	2	1	2	2	2	2	2	1	1	2	1	2	2	1
9110	1	1	1	2	2	1	1	1	2	1	1	1	2	1	1	2	2	1
9121	2	1	1	4	2	2	3	3	3	4	2	1	2	2	1	2	2	9
9123	1	1	1	1	1	1	2	2	3	1	1	1	1	1	2	1	2	3
9125	4	4	3	2	2	4	2	2	4	3	1	1	2	1	1	2	2	2
9127	1	1	2	2	2	1	3	2	2	2	2	2	2	2	3	1	2	2
9135	3	1	1	2	2	4	2	2	2	1	1	2	1	1	1	1	2	2
9137	2	1	1	3	3	2	3	2	2	1	2	1	2	1	3	2	2	3
9138	2	1	1	2	3	4	3	2	3	2	2	1	1	1	2	2	2	2
9152	3	2	2	2	2	4	3	2	4	1	3	1	2	1	2	2	2	3
9154	4	3	4	4	4	4	4	4	3	1	1	1	4	3	4	4	2	3
9156	1	2	2	2	2	1	4	2	4	4	3	3	2	2	4	4	1	2
9160	1	4	3	2	2	2	4	2	4	1	2	2	4	4	2	3	2	1
9166	1	1	1	2	3	1	2	1	2	1	1	1	1	1	2	1	2	3
9183	4	4	4	4	4	1	4	4	4	2	2.21075080355341	1	3	1.93289293934579	2	1	1	1
9185	4	4	3	3	2	2	2	2	3	4	1	1	2	1	1	1	2	3
9189	2	1	1	2	2	1	3	1	2	1	1	1	1	1	2	1.64213792086857	2	9
9198	4	2	2	2	3	3	2	2	3	2	2	2	2	1	2	2	1	3
9199	1	1	3	4	4	1	4	4	4	1	1	2	4	4	4	4	2	2
9203	2	2	2	3	3	4	4	2	4	2	2	2	1	1	2	1	1	2
9207	2	1	1	1	1	1	1	1	1	1	1	1	1	1	1	1	2	1
9214	2	1	1	2	3	2	3	3	4	2	1	3	2	1	3	2	2	2
9223	4	1	1	3	3	1	2	2	3	2	2	1	1	1	2	2	2	2
9233	3	2	1	3	3	3	2	1	3	1	1	2	1	2	2	2	2	3
9247	3	4	2	2	2	3	4	2	3	2	2	2	2	2	2	4	2	1
9253	3	4	4	2	1	2	2	2	4	2	2	2	3	2	1	2	2	2
9260	1	1	1	4	2	2	3	4	4	3	2	1	2	1	2	2	2	2
9263	4	3	3	4	2	3	2	3	3	2	2	3	1	3	1	3	2	2
9266	1	2	2	2	2	3	3	3	3	1	2	1	2	2	2	2	2	2
9272	1	2	2	2	1	2	2	1	1	3	1	1	2	1	1	1	2	3
9278	2	2	2	1	2	2	1	2	3	3	3	1	1	1	1	1	2	1
9281	1	1	1	2	2	1	2	2	2	2	2	1	2	1	2	1	2	2
9285	3	2	3	2	2	4	3	3	4	4	4	2	4	2	4	4	2	3
9294	3	2	2	2	2	2	3	2	3	3	2	2	2	1	2	3	2	3
9302	4	3	1	3	2	1	1	3	4	1	1	1	1.64262016601387	1	2	2	2	2
9321	2	2	1	3	3	2	2	3	3	2	2	1	2	2	2	2	2	3
9324	2	1	1	3	3	2	3	2	2	3	1	1	2	1	2	2	2	2
9335	1	1	1	1	1	1	1	1	1	1	1	1	1	1	1	1	2	3
9344	1	2	2	2	2	1	3	2	2	3	2	2	2	2	2	3	2	1
9362	1	1	1	2	2	1	3	2	4	2	2	2	2	2	3	3	2	3
9372	3	1	1	1	1	2	1	1	2	1	1	1	1	1	1	1	2	3
9380	1	2	1	3	3	1	3	2	4	1	1	1	2	1	3	1	2	2
9381	2	2	1	4	4	3	4	4	1	1	2	1	2	1	4	2	1	9
9388	3	1	2	2	1	3	4	3	2	2	1	2	2	2	3	2	2	3
9390	1	3	2	4	2	1	3	2	3	3	3	3	3	3	2	2	2	2
9413	1	2	2	3	2	1	3	3	3	1	1	1	1	1	2	2	2	2
9444	2	3	2	2	2	1	3	2	3	1	2	1	1	1	2	1	2	3
9461	2	2	2	4	3	2	4	4	2	2	3	3	2	2	2	3	1	2
9482	3	1	1	2	4	2	4	4	4	2.16065517773944	1	1	2	2	1	2	2	3
9505	2	1	2	4	2	1	4	4	4	4	4	2	4	2.68235982535833	4	2	2	2
9510	4	1	1	4	3	1	4	4	4	4	1	1	2	3	2	2	2	3
9519	2	2	2	4	3	2	3	3	4	4	4	4	1	2	4	3	2	1
9538	1	1	1	4	4	2	3	1	1	3	1	1	2	2	1	2	2	3
9547	1	1	1	2	2	1	3	1	2.49915104114552	1	1	1	1	1	1	1	1	9
9552	2.16848457646382	2	2	2.79396095925741	2.50348290012218	2	4	3.28737737547529	3.33166245140752	3	2.31817895000704	2.05944612962296	2.22301477375018	1.83639682185304	2.89131804311604	3	1	2
9559	1	2	1	2	2	2	2	2	2	1	2	2	1	1	2	1	2	3
9568	1	1	1	1	2	1	2	1	1	1	1	1	1	1	2	1	2	3
9569	3	2	2	2	3	2	3	2	2	2	3	2	2	1	3	1	2	3
9577	1	2	1	3	1	3	3	1	3	3	3	1	1	1	4	3	2	1
9584	1	1	2	2	2	2	2	2	1	2	2	2	2	1	2	1	2	3
9585	3	2	1	4	4	2	4	4	4	4	2	2	4	2	4	4	1	3
9592	2	2	2	3	3	2	3	2	2	1	1	2	2	1.65458054226454	2	2	2	1
9608	2	1	1	2	2	2	3	3	3	2	4	1	1	1	3	3	2	3
9609	1	2	4	4	1	1	4	4	4	4	2	2	2	2	4	4	2	3
9611	3	2	1	3	4	4	2	2	4	1	1	1	1	1	2	2	1	2
9612	1	2	2	3	1	2	2	1	2	2	1	1	3	1	2	1	2	3
9619	2	1	1	2	2	2	1	3	3	2	2	1	1	1	2	2	2	3
9660	1	1	1	2	1	1	2	1	2	1	1	1	1	1	1	1	2	3
9683	1	2	1	2	2	2	2	1	3	2	2	2	1	1	1	2	2	2
9694	3	1	1	2	2	2	4	2	3	4	3	1	1	1	2	3	2	2
9702	1	1	2	1	1	2	2	1	3	3	1	1	1	1	2	2	2	2
9716	3	2	2	2	3	2	3	1	2	2	2	1	2	1	2	1	2	3
9717	1	3	2	2	1	1	3	2	4	2	2	3	4	2	1	2	2	2
9720	1	1	1	1	2	1	2	2	2	1	1	1	1	1	2	2	2	3
9734	1	1	1	2	2	1	4	1	4	4	1	1	2	2	4	2	2	3
9745	2	2	2	2	3	2	3	3	3	2	2	2	2	2	2	2	2	1
9758	3	2	2	2	2	2	3	2	3	2	3	3	2	1	2	2	2	1
9761	1	1	1	1	1	1	2	2	1	1	1	3	1	1	2	2	2	3
9798	2	1	1	2	3	1	3	2	2	4	2	1	2	1	2	2	2	1
9802	1	2	2	2	2	2	2	1	3	2	2	1	1	1	1	1	2	3
9808	3	2	1	3	4	2	3	2	4	4	4	2	2	3	4	2	2	1
9810	1	2	3	2	2	2	3	4	4	4	2	2.25957237075452	2	2	4	3	1	2
9825	1	1	1	2	2	1	4	2	1	1	1	1	3	2	2	4	2	2
9833	1	3	1	3	3	2	3	3	3	2	3	1	2	2	2	2	2	9
9844	3	1	1	2	2	2	2	1	2	2	2	1	1	1	1	2	2	3
9846	2	1	2	2	3	2	4	3	3	3	2	4	2	2	3	2	2	1
9855	2	2	1	2	1	1	2	1	2	3	2	1	2	1	3	2	2	2
9876	1	2	2	2	3	1	3	2	2	1	1	1	1	1	3	1	2	3
9877	1	1	1	1	1	1	1	1	1	1	1	1	1	1	1	1	2	3
9878	4	3	1	4	1	3	4	2	4	4	2	2	1	2	3	4	2	3
9880	1	1	1	4	3	1	3	1	1	1	1	1	3	2	1	1	2	3
9882	4	2	2	2.56192002833872	3	4	2.38615603670012	2	2	1	1	1	1.47801440335168	1	1	1.96822697568675	1	3
9892	1	2	2	3	2	3	1	1	3	3	1	1	2	1	2	1	2	3
9895	1	1	1	4	4	4	4	4	4	4	1	1	3	1	4	3	2	1
9902	3	1	2	3	2	2	2	2	2	2	3	2	2	2	2	2	2	2
9913	1	2	2	3	3	1	4	4	4	2	2	2	2	2	3	3	2	1
9943	4	4	4	1	1	2	2	2	4	3	2	2	2	1	2	2	2	1
9948	1	1	1	1	1	1	2	2	3	1	1	1	3	2	2	2	2	3
9954	2	2	2	3	3	2	4	3	3	2	3	2	2	2	3	3	2	3
9971	2	1	1	3	3	1	2	1	4	3	2	2	1	1	1	1	2	3
9985	3	2	2	2	3	2	2	2	2	1	1	1	1	1	2	2	1	3
9987	1	2	1	4	3	1	4	2	4	1	2	1	2	1	2	1	2	2
9994	3	1	2	2	3	3	2	2	1	3	1	1	2	1	1	1	1	2
10040	2	2	1	1	2	1	2	1	2	2	2	1	1	1	2	1	2	2
10048	3	2	2	3	2	3	3	3	3	3	3	2	2	2	3	3	2	1
10056	4	3	4	4	1	3	3	2	3	2	2	2	3	1	4	2	2	3
10074	1	2	2	1	2	1	3	4	4	4	1	1	2.0373267112266	1	4	2	2	2
10083	2	2	1	3	3	2	2	1	2	1	2	1	2	1	2	1	2	3
10085	1	2	2	2	2	2	2	2	3	2	2	2	2	3	2	2	2	2
10100	1	1	1	3	3	2	4	4	4	2	1	2	1	1	2	3	2	3
10106	4	3	3	2	3	3	4	3	2	2	3	2	2	2	3	2	2	1
10107	3	2	2	2	3	3	3	2	3	2	3	2	2	2	2	2	2	3
10145	1	1	1	1	1	1	2	1	3	2	1	1	1	1	2	1	2	1
10158	1	1	1	2	3	1	1	1	1	1	2	1	1	1	1	1	2	3
10171	2	2	2	3	3	2	4	2	4	1	1	1	2	1	2	2	2	1
10185	3	3	3	2	2	2	2	2	2	1	1	1	2	1	2	2	2	3
10188	1	2	1	1	2	1	2	1	2	1	1	1	1	1	1	1	2	3
10190	1	2	2	4	4	2	4	3	3	4	4	2	2	2	2	2	1	1
10195	1	1	1	2	2	1	3	2	1	1	1	1	2	1	2	3	2	3
10196	2	1	1	3	3	2	4	4	4	2	2	2	4	1	2	3	2	1
10204	4	4	4	2	4	4	2	4	4	2	2	2	2	2	2	1	2	3
10224	1	2	2	3	4	4	4	4	4	4	3	3	4	3	2	4	1	2
10257	4	2	2	2	1	2	2	2	3	3	3	2	2	2	3	3	2	3
10259	2	1	3	4	3.00653100115559	1	4	4	4	4	4	3	1	1	4	4	1	1
10262	1	2	1	1	2	1	1	1	2	1	1	1	1	1	2	1	2	2
10264	2	2	2	2	2	2	2	2	2	2	2	1	2	1	2	2	2	3
10265	3	1	2	3	3	2	3	2	4	3	3	2	2	3	2	2	2	3
10274	3	1	1	2	2	1	3	2	2	1	1	1	1	1	3	3	2	3
10289	1	1	2	3	4	2	3	3	3	2	1	1	1	1	2	1	2	3
10298	1	2	2	1	1	1	2	2	1	1	1	1	1	1	4	2	1	1
10301	1	2	2	1	1	1	2	1	3	1	1	1	1	1	2	1	2	2
10305	1	1	1	2	3	2	3	2	4	3	3	2	2	1	2	2	2	1
10307	1	1	1	2	2	2	4	3	4	3	1	1	2	1	4	4	2	2
10316	2	2	2	2	3	2	2	2	3	2	2	2	2	2	2	2	1	1
10322	1	1	1	2	2	1	2	1	2	1	1	1	1	1	2	1	2	9
10343	1	3	1	3	1	1	2	1	3	1	1	1	1	1	2	1	2	3
10345	1	2	2	2	2	1	2	1	3	1	1	1	1	1	1	1	2	3
10370	1	4	4	4	4	3	4	2	4	3	3	1	4	4	4	4	1	2
10385	1	1	1	3	3	1	1	1	1	1	1	1	1	1	1	2	2	3
10389	1	1	1	1	4	1	1	1	3	1	1	1	1	2	1	1	2	3
10400	4	4	4	4	2	4	4	4	1	2	2	1	4	4	4	4	2	2
10430	4	3	3	1	1	1	3	2.5585811423212	1	1	1	1	3	2	2	4	2	1
10435	3	1	1	2	2	2	2	2	2	1	1	1	1	1	1	2	2	1
10440	1	1	1	2	3	1	3	1	1	1	1	1	1	1	1	1	2	2
10442	2	1	1	2	4	2	2	1	2	1	1	1	2	1	1	2	2	3
10449	2	2	2	2	2	2	3	2	2	3	3	2	3	3	3	3	2	2
10491	3	2	2	3	3	4	4	1	4	4	4	2	1	1	4	2	2	1
10494	1	1	1	3	3	1	2	1	2	2	1	1	1	1	1	1	2	3
10496	1	1	2	1	1	1	3	1	4	3	1	4	1	1	1	1	2	2
10515	4	2	1	4	4	1	4	4	1	1	2	2	3	2	2	2	2	1
10516	2	2	1	2	3	2	4	3	4	3	3	1	2	1	4	2	1	9
10518	3	1	2	2	2	2	1	1	2	1	1	1	1	1	2	1	2	3
10520	4	2	1	4	3	2	3	2	4	2	2	2	2	1	2	2	2	3
10522	2	2	3	4	4	2	4	3	3	4	2	2	3	2	4	4	1	2
10533	2	1	1	4	3	2	2	2	2	1	1	1	2	1	2	3	2	2
10534	1	4	2	1	1	1	2	2	4	3	1.9070365038478	2	2	1	1	4	2	1
10537	2	2	2	4	4	2	3	2	3	2	2	2	2	3	2	4	2	2
10541	1	2	2	4	4	1	4	3	4	4	2	2	1	2	3	2	2	2
10543	2	2	2	3	3	2	3	3	2	3	1	1	2	2	3	3	2	2
10554	1	2	2	2	4	1	4	2	2	4	1	1	1	1	2	2	2	2
10555	3	1	1	1	2	2	1	1	3	1	1	1	2	1.29006867126191	1	2	2	1
10573	1	1	1	2	3	1	4	2	3	2	2	2	2	2	3	2	2	2
10575	1	2	1	1	2	1	2	1	3	1	2	1	2	1	1	1	2	3
10579	1	2	1	2	3	1	3	2	4	1	1	1	1	1	1	1	2	3
10592	1	1	1	4	4	2	1	3	4	4	4	1	2	1	2	1	2	2
10593	2	3	2	4	3	2	3	3	3	2	2	2	2	2	2	2	2	3
10596	2	2	2	2	2.16991719275256	1.92977869171153	3	2	3	2	2	2	1	1	2	2	2	2
10601	2	2	1	2	3	1	3	2	3	2	2	1	1	1	1	1	2	3
10604	1	2	3	3	3	3	4	2	3	3	2	2	2	2	3	3	2	3
10637	4	4	2	3	3	4	3	1	3	1	1	2	2	2	1	1.57768470772657	2	1
10640	1	1	1	1	1	1	1	1	2	1	1	1	1	1	1	1	2	2
10649	4	1	1	2	4	1	2	1	1	4	1	1	3	1	2	1	2	3
10658	1	4	4	3	2	1	2	1	4	4	4	3	2	1	2	2	2	2
10659	2	1	1	1	1	1	2	2	3	1	1	1	1	1	1	1	2	3
10667	1	1	2	3	3	1	3	2	3	2	2	1	2	2	2	2	2	3
10678	1	1	1	2	3	1	4	3	4	2	3	1	1	2	4	3	2	1
10693	2	1	1	2	4	3	4	4	3	2	2	2	2	1	3	2	2	2
10706	1	1	1	3	3	2	3	3	2	2	3	2	2	2	4	4	2	3
10739	1	1	1	2	2	1	2	2	3	2	1	1	2	1	2	2	2	3
10752	4	1	1	2	2	1	3	1	2	1	1	1	1	1	1	2	2	3
10758	1	3	2	2	2	1	3	3	2	4	4	2	1	1	3	2	2	2
10760	2	2	2	1	2	2	1	2	3	1	1	1	1	2	2	2	2	3
10786	1	2	2	3	2	1	2	1	3	3	2	1	2	2	2	1	2	2
10788	1	1	1	1	1	1	2	1	2.48163319735111	2	3	1	1	1	2	2	2	3
10834	1	2	1	2	2	1	2	2	2	1	1	1	1	1	1	1	2	1
10858	2	2	2	1	2	2	2	2	4	1	2	1	1.34741639672569	1	1	1	2	2
10862	1	3	2	2	2	2	3	2	3	2	2	2	1	1	2	2	2	2
10873	4	1	1	4	4	2	4	4	1	1	4	2	1	1	3	4	1	1
10888	4	3	1	2	2	4	2	2	3	2	2	1	3	2	3	2	1	2
10892	2	2	2	2	4	2	4	3	4	2	2	2	3	2	4	3	2	2
10895	4	3	4	2	2	2	3	4	3	4	2.93512040052401	3	2.49216739233159	2	2.5525294135894	2	1	1
10925	1	4	1	1	1	1	4	4	4	4	1	1	2	2	3	3	2	1
10943	1	1	4	3	3	1	3	2	4	2	1	4	2	1	2	2	2	1
10954	1	2	2	1	1	1	4	4	4	2	2	1	2	1	4	2	2	1
10960	1	1	1	2	2	1	3	2	3	2	2	1	1	1	2	2	2	2
10966	4	4	1	4	4	1	4	4	4	4	1	1	1	1	4	4	2	1
10990	1	2	2	2	2	1	3	2	3	1	2	1	2	1	2	2	2	3
10993	1	1	1	4	2	1	4	4	3	4	2	2	4	3	4	4	2	1
10999	4	4	3	2	2	2	4	4	3	3	2	2	3	3	1	1	1	1
11008	1	1	1	2	3	1	2	2	2	3	2	1	2	1	3	1	2	3
11013	4	2	4	4	3	1	4	2	4	4	3	4	2	2	3	2	2	1
11019	1	1	1	2	2	1	1	1	1	1	2	1	1	1	1	1	2	2
11026	4	3	1	1	1	1	3	1	1	1	1	1	1	1	1	1	2	2
11051	1	2	1	2	2	2	1	1	2	1	1	1	1	1	1	2	2	3
11054	1	2	1	2	4	1	4	4	4	2	2	2	2	2	2	4	2	3
11062	3	3	1	3	2	2	2	2	3	4	2	1	2	2	2	2	2	2
11063	1	1	1	2	3	1	1	1	3	1	2	1	1	1	1	1	2	3
11069	2	2	2	2	2	3	2	2	3	1	2	1	1	1	2	2	2	3
11075	2	2	2	2	2.15729955863304	2	4	4	3	4	2	2	3	3	3	4	1	1
11078	4	2	2	3	4	3	3	2	3	3	3	2	3	2	3	2	2	3
11116	3	2	2	4	4	2	3	3	4	1	2	2	2	2	1	4	2	2
11120	4	4	4	1	2	4	2	1	4	1	1	1	1.64179055189274	1	3	2	2	2
11123	4	1	1	1	1	1	1	1	3	2	1	1	1.25787356131515	1	1	1	2	3
11133	1	3	2	2	2	2	2	2	3	3	1	1	2	2	2	2	2	1
11139	2	1	2	3	3	1	3	2	2	2	2	2	3	3	4	3	2	3
11165	4	1	1	3	2	1	2	2	3	2	3	1	1	1	1	1	2	3
11178	1	2	1	2	3	2	3	2	3	2	2	1	1	1	3	2	2	2
11183	1	2	2	3	3	2	2	2	4	3	2	1	2	2	1	2	2	2
11215	4	4	4	4	4	3	4	4	4	4	4	4	4	4	4	4	1	1
11239	1	1	1	1	1	1	1	1	1	1	1	1	1	1	1	1	2	1
11256	3	1	1	2	2	3	2	2	2	3	2	2	3	2	2	2	2	1
11280	2	2	1	2	1	1	2	1	2	1	1	1	1	1	1	2	2	2
11296	1	1	1	1	1	1	1	1	2	1	1	1	1	1	1	2	2	3
11301	3	4	4	2	2	1	2	2	3	2	2	2	2	2	2	2	2	1
11355	1	1	1	1	1	1	1	1	2	1	4	1	1	1	2	2	1	1
11356	2	2	2	2	2	2	3	2	3	3	2	1	1	2	2	2	2	1
11359	1	1	1	4	4	1	3	2	3	2	2	1	1	1	3	2	2	2
11363	1	1	1	1	2	1	3	1	3	1	1	1	2	1	2	1	2	2
11371	1	2	2	2	3	2	2	2	4	2	2	2	1	1	2	2	2	3
11392	4	4	4	2	4	4	2	2	3	2	3	3	3	3	2	2	2	2
11410	4	2	1	2	1	4	3	2	2	3	1	1	1	1	2	2	2	2
11423	1	1	1	2	1	2	2	2	3	2	2	1	1	2	1	1	2	3
11424	4	2	2	2	2	2	3	3	4	4	3	3	2	2	2	2	2	3
11431	2	2	2	1	1	1	3	3	2	3	2	1	2	1	2	2	2	3
11433	1.93220448515425	2	1	2	2	1.93982699869453	4	4	4	2	1	1.43169415461068	2.26584173969211	1.75214341981074	2.94652927804413	2.64172328522692	2	1
11436	1	1	1	2	1	1	1	1	2	1	1	1	1	1	1	1	2	3
11454	1	2	2	2	2	1	1	1	3	1	1	1	1	1	1	1	2	3
11462	4	2	4	1	1	1	4	2	3	1	4	2	2	1	4	2	2	2
11477	2	1	1	2	3	4	2	1	3	1	2	1	1	1	4	2	2	2
11478	1	2	2	2	3	1	2	2	4	2	1	1	1	1	1	1	2	2
11497	1	2	1	2	2	1	3	2	2	2	2	1	2	1	2	2	2	3
11509	2	2	2	2	2	2	2	2	3	4	3	2	1	2	2	3	1	3
11512	4	4	4	1	1.9672282895233	4	4	3.23456811429887	2	2	2	2	4	2.78774117712933	2	4	2	2
11516	1	1	1	2	4	1	2	2	3	3	1	1	2	1	2	2	2	2
11528	1	2	2	3	2	1	3	2	2	3	2	1	2	2	2	2	2	2
11547	1	2	2	2	3	2	3	2	3	2	2	2	2	2	2	2	2	2
11549	4	4	3	3	2	2	4	4	3	2	4	2	1	1	1	2	2	3
11569	3	2	2	3	3	2	2.49076113070453	2	2	1	2	1	1	2	1	2	2	2
11571	3	2	2	3	3	2	3	2	3	2	2	2	2	2	2	3	1	3
11572	4	3	3	3	3	4	4	3	4	4	1	3	4	3	3	3	2	3
11576	1	2	2	3	2	2	3	2	4	3	2	4	2	3	4	3	2	2
11585	1	1	1	3	2	2	3	3	3	2	2	1	2	1	4	2	2	3
11606	2	4	4	3	3	4	3	2	4	2	2	3	2	3	3	3	1	1
11613	1	1	1	3	3	2	2	1	2	2	1	1	2	1	2	2	2	2
11616	2	2	1	4	4	4	2	4	4	2	2	3	2	2	4	4	1	2
11617	2	2	2	2	1	2	4	2	3	3	1	1	1.65699609214902	1	3	3	2	3
11619	1	2	2	2	2	2	2	1	4	1	1	1	1.44105392962684	1.29358477262012	2	1	2	2
11622	1	2	2	2	2	2	2	2	2	2	2	2	2	2	2	2	2	3
11629	4	4	4	4	4	4	4	4	4	4	4	2	3	1	4	3	2	2
11642	4	4	2	2	1	4	3	2.16506198339151	3	1	1	1.44044247364003	2	2	2.28657627497193	2	2	1
11644	1	1	1	4	4	1	2	3	3	1	2	1	2	1	1	2	2	3
11645	2	1	1	1	2	2	3	1	3	1	1	1	1	1	1	1	2	2
11647	1	1	1	2	2	1	3	1	3	1	1	1	1	1	2	2	2	3
11648	1	2	2	4	2	1	2.43431006757733	1	4	1	1	1	2	2	1	2	2	1
11651	1	1	1	1	1	1	3	2	4	1	1	1	1	1	1	1	2	3
11695	1	1	1	4	3	1	4	4	1	4	2	2	2	1	3	2	1	2
11712	2	1	1	4	3	3	3	3	2	2	2	1	2	2	2	2	2	2
11715	4	1	1	2.32660879660103	3	2	1	1	3	3	3	1	1	1	2	2	2	2
11723	2	1	1	1	2	2	2	1	2	1	1	1	1	1	2	1	2	3
11741	1	1	1	3	3	1	3	2	3	1	2	1	2	1	2	3	2	1
11745	1	2	2	2	2	1	1	1	3	1	1	1	1	1	1	1	2	3
11753	3	1	1	1	1	3	1	1	1	1	1	1	1	1	1	1	2	3
11760	2	3	1	4	1	3	4	4	4	1	3	1	1	1	4	3	2	2
11775	1	2	2	2	3	2	2	2	4	2	2	2	2	2	2	2	2	1
11781	1	1	1	1	2	1	1	1	3	1	1	1	1	1	1	1	2	3
11788	2	4	2	4	2	4	4	3	4	1	4	4	3	3	3.03092015761055	3	1	1
11799	1	4	2.69386804291068	1	1	1	3.15926690209421	2.90289060826418	2.92010835756081	1	3	1.81426383774898	1.60000957971263	1	4	2.6284991119286	1	1
11804	1	2	2	3	3	2	3	2	3	2	2	2	2	2	2	2	2	2
11805	2	2	3	2	2	2	2	1	4	1	1	1	1	1	2	2	2	3
11811	1	2	1	2	2	1	2	2	2	3	2	1	1	1	1	2	2	3
11818	1	3	2	3	2	1	3	3	3	3	3	1	2	1	3	2	2	2
11824	2	3	2	2	2	1	4	3	3	2	2	2	2.36002695378251	2	4	3	2	3
11827	3	1	1	1	1	1	1	1	1	1	1	1	1	1	1	1	2	3
11835	3	2	1	4	4	2	4	4	4	3	3	3	2	2	4	1	2	2
11837	1	1	1	1.64535879042035	1.94698815446144	1	1	2	2.25983526882848	1	1	1	1	1	1	1	2	3
11842	1	1	2	1	1	1	2	1	2	2	1	1	1	1	2	2	2	3
11852	1	2	4	2	1	1	2	1	4	2	3	1	1	1	3	1	2	2
11859	1	2	2	3	2	1	4	2	4	2	2	2	2	2	3	2	2	2
11864	1	1	1	2	2	1	1	1	4	1	1	3	1	1	1	1	2	2
11880	1	3	2	2	2	1	4	1	1	1	1	1	1	1	2	2	2	3
11892	2	2	2	2	2	2	1	2	2	1	2	1	2	1	2	2	2	3
11900	4	4	4	2	4	1	1	1	2	1	2	3	1	1	2	2	2	1
11914	1	2	2	1	1	1	1	1	1	1	1	1	1	1	2	2	2	1
11919	1	1	1	3	2	1	2	1	3	1	1	1	1	2	2	1	2	2
11945	1	1	1	2	2	1	3	3	4	3	1	1	1	1	1	2	2	3
11953	2	3	2	3	1	2	4	2	4	4	3	3	4	3	3	2	2	2
11955	1	1	1	2	2	2	3	2	2	2	2	1	1	1	2	2	2	2
11959	2	1	2	1	2	2	2	2	3	2	2	1	1	1	1	1	2	3
11961	1	3	3	1	1	3	4	2	4	2	2	1	2	2	1	1	2	1
11967	3	3	2	2	2	4	4	4	2	2	3	2	2	2	2	4	2	1
11977	1	1	1	1	2	1	3	4	4	1	1	1	1	1	1	1	2	1
12000	3	1	1	2	2	2	1	1	2	1	1	1	1	1	2	1	2	3
12003	1	1	2	2	1	1	1	2	2	1	1	1	1	1	1	1	2	3
12006	1	2	2	1	1	1	1	1	1	1	1	1	1	1	2	2	2	2
12007	4	1	1	1	1	4	1	1	1	1	1	1	1	1	1	1	1	3
12009	2	1	1	2	2	2	2	2	3	1	1	1	1	1	2	1	2	3
12011	1	2	2	3	3	2	2.95495245810549	2	4	2	2	2	2	2	2	2	2	3
12015	1	1	1	2	2.19495486776659	2	1	1	2.21418344101824	1	1	1	1	1	2	2	2	3
12052	2	4	3	3	3	4	3	2	3	4	2	2	2	2	2	3	2	2
12054	1	1	1	2	4	2	2	2	4	2	2	1	2	2	2	2	2	2
12063	3	2	2	2	2	2	2	2	3	1	1	1	2	1	2	2	2	3
12075	1	1	1	2	3	1	4	3	4	2	3	2	1	1	2	2	2	2
12081	1	1	1	1	1	1	2	1	4	1	1	1	1	1	1	1	2	2
12083	4	4	2	4	3	2	4	4	4	4	1	1	2	1	3	2	2	3
12094	1	1	1	1	1	1	1	1	3	1	1	1	1	1	2	1	2	1
12107	4	1	1	2	1	2	3	2	4	2	2	1	1	1	3	2	1	1
12116	3	2	1	2	2	2	4	2	4	4	2	2	2	2	4	1	2	1
12117	1	2	1	2	3	1	4	4	4	1	2	1	2	2	2	2	2	2
12121	1	1	1	1	2	1	1	1	2	1	2	1	1	1	1	1	2	3
12137	1	2	1	2	3	1	2	1	3	1	1	1	1	1	2	1	2	3
12147	2	2	2	2	2	2	2	2	3	1	1	1	1	1	2	2	2	2
12159	1	2	1	1	3	2	2	1	3	1	1	1	1	1	2	1	2	3
12160	3	4	2.91169589040425	4	2	4	4	4	4	4	2	1	1	2	4	4	1	2
12161	4	3	1	1.46140467366113	1	1	2	1.47473438808178	4	1	1	1	1.55948892061006	1.15720865630645	2	1	2	2
12206	2	2	2	2	1	1	2	1	1	2	2	1	1	1	1	1	2	2
12220	3	2	2	2	2	2	3	2	4	4	2	2	1	1	2	2	1	2
12232	1	1	1	1	1	1	2	2	3	2	2	1	1	1	1	1	2	3
12244	4	1	1	2	3	4	2	1	3	2	2	1	4	3	1	1	2	3
12248	2	1	1	2	2	2	2	2	2	1	1	1	2	2	2	1	2	3
12253	3	2	2	4	4	4	4	4	2	1	1	1	4	2	4	2	2	2
12263	1	1	1	2	3	2	2	2	3	2	2	1	1	1	2	2	2	3
12264	1	1	1	2	1	1	3	2	2	2	2	1	2	2	2	1	2	2
12278	2	1	1	1	1	1	2	1	3	1	1	1	1	1	2	1	2	3
12280	2	2	2	3	3	2	3	2	4	1	1	1	3	2	3	2	2	1
12283	1	1	1	2	2	4	4	4	2	2	2	1	2	2	4	2	2	2
12286	1	1	1	3	1	1	3	2	3	2	1	1	3	2	3	1	2	1
12295	1	1	1	2	3	1	2	2	3	1	1	1	1	1	1	1	2	3
12307	2	2	1	2.4154068089968	3	3	2	2	3	3	2	1	1	1.13977261397789	1	2	2	3
12314	2	4	4	3	1	3	4	3	3	3	3	3	2	2	4	2	2	2
12343	2	2	2	4	3	2	3	2	3	3	1	2	2	1	3	2	2	3
12346	2	3	1	2	2	1	3	2	3	1	1	1	1	1	3	2	2	2
12349	1	2	2	2	1	1	2	1	3	1.77923906386554	1	3	1	1	1	2	2	2
12359	2	4	3	3	3	4	4	4	4	4	1	4	2	1	4	2	2	3
12372	1	3	3	2	2	1	2	1	1	1	1	1	1	1	1	1	2	1
12376	4	2	2	2	1	4	4	1	4	1	1	1	1	1	2	2	2	3
12387	1	2	1	2	2	2	2	1	2.62395891998147	2	1	1	1.25597435172567	1	1	2	2	3
12417	2	1	1	3	2	1	2	1	2	1	1	1	1	1	1	2	2	3
12426	1	2	2	3	3	2	4	2	3	1	1	1	2	1	3	3	2	3
12427	3	4	4	4	4	4	4	3	4	3	1	2	3	2	2	2	2	1
12483	1	3	3	2	2	2	3	2	4	2	2	3	3	2	3	2	2	3
12496	1	2	2	1	1	1	1	1	3	1	1	1	1	1	1	1	2	3
12497	4	4	4	3	3	4	3	3	3	3	1	1	3	1	3	2	2	2
12500	2	2	2	3	3	3	3	2	3	2	2	2	2	2	2	2	2	2
12505	1	2	2	3	3	1	3	2	4	2	2	2	1.90073085651998	1.71735509779079	2	3	2	3
12512	1	2	1	2	3	1	1	2	3	2	2	1	1	1	1	1	2	3
12514	1	2	1	3	3	1	2	2	3	2	2	1	1	1	1	1	2	3
12525	1	2	1	2	2	1	2	2	1	1	1	1	1	1	1	2	2	3
12538	1	1	1	2	2	1	2	4	3	3	2	1	2	1	1	1	2	3
12547	1	1	1	2	3	1	1	1	4	3	1	1	1	1	1	1	2	3
12553	3	1	1	2	3	2	2	2	2	2	2	1	1	1	2	2	2	2
12579	2	3	2	2	2	2	2	2	3	3	2	1	2	2	2	1	2	3
12580	1	2	2	2	2	2	4	2	2	1	2	1	4	2	2	2	2	3
12581	1	4	2	2	1	4	4	3	4	4	4	4	4	4	4	1	2	1
12583	1	1	1	1	1	1	2	2	2	1	4	1	3	3	1	1	2	2
12643	1.69722196421908	1	1	1	2	2	2	2	3	2	2	1	2	1	1	1	2	3
12663	4	4	4	4	2.83343965657786	1	4	4	4	1	1	1	2.04381481348007	1	4	2.84193490027114	2	1
12666	1	1	1	3	2	2	3	2	3	1	2	1	2	1	1	2	2	3
12692	2	3	4	3	3	2	4	2	2	3	2	2	2	3	3	2	2	1
12693	1	1	1	2	2	2	3	1	1	1	1	1	2	2	1	2	2	2
12696	1	1	1	1	2	2	4	3	4	3	3	1	1	1	2	3	2	2
12704	1.34732127093991	1	1	2	2	1	3	2	3	2	2	1	2.01301287617758	2	3	3	2	1
12712	4	2	2	3	3	3	3	3	2	3	2	2	2	2	2	2	2	2
12714	1	2	2	3	3	3	3	2	3	1	2	1	2	2	2	2	2	3
12719	4	2	1	2	3	1	4	3	3	2	2	2	4	2	2	2	2	3
12723	3	2	2	2	3	2	4	4	4	4	3	3	2	2	4	2	2	1
12730	1	1	1	1	2	1	2	2	2	1	1	1	1	1	1	2	2	3
12746	4	2	2	2	2	1	4	4	4	4	2	2	2	2	2	4	1	2
12751	3	3	2	2	2	2	4	2	4	4	2	2	4	4	4	2	2	3
12762	2	1	1	4	4	2	4	4	4	1	1	3	3	3	4	3	2	1
12766	1	2	2	3	2	2	2	2	4	2	2	1	2	2	2	2	2	3
12797	1	2	2	1	2	4	4	4	4	1	1	2	3	1	3	1	2	2
12798	2	1	1	1	1	2	3	3	2.54541471987334	2	3	1	1.59294649336426	1.41657827062175	1	3	2	2
12842	3	2	3	2	3	2	3	2	2	2	2	2	2	2	1	2	2	1
12848	4	1	1	1	1	2	2	1	3	1	1	1	2	1	1	1	2	3
12864	3	3	1	2	2	2	3	3	3	3	2	3	1	1	2	2	2	2
12870	1	2	2	1	3	1	1	1	2	1	1	1	1	1	2	1	2	1
12899	3	1	1	2	2	1	1	1	1	1	1	1	1	1	1	2	2	3
12906	2	2	2	3	2	2	3	2	4	3	1	1	2	2	3	2	2	1
12919	4	2	2	2	3	2	1	1	3	2	2	1	1	1	2	2	2	3
12943	3	1	1	2	3	1	3	1	4	1	1	1	1	1	2	1	2	3
12953	1	1	1	3	3	3	2	3	3	1	2	2	2	3	2	1	2	2
12973	4	3	1	1	3	1	1	3	1	1	2	1	1	1	2	3	1	1
12976	2	2	2	2	2	1	3	2	3	3	2	1	2	2	2	2	2	3
12982	2	3	2	1	4	3	1	2	4	2	2	1	2	1	1	1	2	3
13019	2	2	1	2	4	3	4	3	4	2	2	4	1	1	3	3	2	3
13050	1	1	3	2	1	2	1	1	3	1	1	1	1	1	1	1	2	2
13081	1	2	2	3	2	2	3	3	4	3	3	3	2	2	2	3	2	2
13087	4	4	3	1	1	4	4	2	1	1	1	2	2	1	2	1	1	1
13104	4	2	2	2	4	4	2	1	4	2	2	1	4	4	2	2	2	2
13105	2	1	2	2	2	4	2	2	1	1	1	1	1	1	1	2	2	2
13108	3	3	3	3	4	4	2	2	4	4	2	4	3	2	2	3	2	2
13114	1	1	2	2	2	1	4	2	3	1	1	1	2	1	4	2	2	2
13118	2	2	2	3	3	3	4	4	3	3	3	2	2	2	3	3	1	2
13129	2	1	1	2	2	3	3	4	2	2	2	2	2	2	4	2	2	2
13135	4	2	2	4	4	4	4	2	4	1	2	1	1	1	4	2	1	2
13138	1	1	1	2	3	1	2	2	3	1	1	1	1	1	1	2	2	3
13154	3	3	2	2	2	3	3	2	3	2	2	1	2	2	3	2	2	3
13158	1	1	1	3	3	2	2	2	2	1	1	1	1	1	1	2	2	3
13168	3	3	1	1	1	1	2	1	4	3	3	1	1	1	3	1	2	3
13187	3	2	2	1	2	3	2	2	2.68908463441949	2	2	1	1	1	2	2	2	2
13189	4	4	4	4	1	1	4	4	3	2	2	4	4	4	2	4	1	1
13190	1	2	1	3	2	1	3	3	2	2	2	1	2	2	2	2	2	2
13210	1.74070707124155	1	2	2	2	1.72523269270698	3.21511812105423	2.88983892201733	4	4	2.19850316771845	1.74579509580852	2.15703041932895	1.82621081448235	2.82735647516068	2.48843424461715	2	3
13221	1	1	1	1	3	1	1	1	2	3	2	1	1	1	1	1	2	3
13247	2	2	2	2	3	2	3	2	3	3	3	2	2	2	2	2	1	1
13264	1	1	1	1	1	1	3	1	4	1	1	1	2	1	2	1	2	1
13276	3	2	2	3	3	3	2	2	3	2	2	1	2	2	2	2	2	2
13284	4	1	1	1	2	3	3	3	3	2	2	1	1	1	2.01105671848036	2	1	2
13302	1	4	1	4	4	1	4	4	4	1	1	1	1	1	4	4	2	3
13328	1	1	1	1	2	1	2	2	1	1	1	1	1	1	1	1	2	2
13346	2	1	1	3	2	1	2	2	3	2	2	1	2	1	2	1	2	3
13349	1	2	1	2	2	1	2	2	3	1	1	1	1	1	2	2	2	3
13353	2	2	2	2	2	2	2	2	3	3	2	2	2	3	2	2	2	3
13384	1	1	1	2	2	1	2	1	3	1	1	1	2	1	2	2	2	3
13395	1	2	2	2	2	1	2	1	3	1	2	1	1	1	1	2	2	2
13398	3	1	1	2	2	2	1	1	2	2	1	1	1	1	1	1	2	3
13407	1	2	2	3	3	2	3	3	2	1	1	1	4	2	2	1	2	2
13426	4	3	4	3	2	2	2	4	4	2	4	1	1	1	4	2	2	1
13440	1	1	1	2	3	2	2	2	2	2	1	1	1.36350386245298	1	1	1	2	3
13449	1	1	1	1	1	1	1	1	3	1	1	1	2	2	2	1	2	3
13455	1	2	1	2	2	2	2	2	2	2	2	1	2	1	2	2	2	3
13458	2	2	2	4	3	4	4	4	3	4	3	3	2	3	3	3	2	1
13477	1	2	2	2	2	1	2	2	4	2	1	2	2	2	2	2	2	1
13485	1	1	1	3	2	1	3	2	3	2	2	2	2	1	3	3	2	3
13517	3	3	2	2	1	2	4	1	4	3	2	1	1	2	4	2	1	1
13524	1	1	1	2	2	3	2	2	4	4	1	1	2	1	1	2	1	2
13528	3	2	2	2	2	2	2	2	2	3	2	1	2	1	2	2	2	2
13534	1	1	1	1	2	1	2	1	2	2	1	1	1	1	1	1	2	3
13551	2	3	2	3	2	2	4	3	2	2	3	2	2	3	4	2	2	2
13569	1	2	1	2	3	1	2	1	2	1	1	1	2	2	2	1	2	3
13570	3	2	3	2	2	3	2	3	3	2	2	1	2	2	3	2	2	3
13572	1	1	1	3	3	1	2	2	3	1	2	1	1	1	2	1	2	3
13579	3	2	2	3	3	3	2	2	3	1	2	1	2	2	2	2	2	3
13590	2	3	4	4	2	2	4	4	2	1	2	1.64896859531561	1.8165331151202	1	4	3.01402603264343	2	1
13593	2	1	1	2	2	1	3	2	4	2	2	1	2	1	3	2	2	3
13614	4	3	3	2	2	4	3	2	3	1	2	2	3	1	4	2	2	3
13642	3	3	3	2	2	1	2	3	4	3	3	3	2	2	4	1	1	1
13645	4	1	1	1	1	1	1	1	4	1	1	4	1	1	4	1	2	3
13651	1	2	2	2	2	3	3	2	3	3	2	2	3	2	2	1	2	2
13655	2	2	2	2	2	3	3	2	2	1	1	2	1	1	2	1	2	3
13656	2	2	2	2	2	2	2	3	3	2	2	2	2	2	2	2	2	2
13659	1	1	1	2	4	1	2	2	3	3	1	1	4	1	4	2	2	3
13668	1	3	1	2	3	3	3	2	1	2	1	1	1	1	2	1	2	2
13669	4	2	2	4	4	4	4	4	2	3	2	2	2	2	4	3	2	3
13671	2	1	1	2	2	2	2	1	3	3	2	1	2	1	1	3	2	3
13696	1	1	1	2	1	1	2	1	4	1	1	1	1	1	2	1	2	3
13733	4	3	2	2	2	2	2	2	2	2	1	2	4	3	1	2	2	1
13740	3	2	1	1	1	1	1	1	3	1	1	1	1	1	1	1	2	3
13753	1	1	2	4	3	1	4	2	2	2	2	1.59284796523568	2	2	2.55359426012344	2.32101656394805	2	2
13760	2	2	3	3	3	1	3	2	1	2	2	2	2	2	3	2	2	1
13768	4	4	3	4	3	4	4	4	4	4	2	2	4	4	4	4	2	1
13778	2	1	1	2	3	1	3	1	4	2	2	1	2	1	1	1	2	2
13821	1	2	2	2	2	2	2	2	3	2	2	1	3	1	1	2	2	3
13825	2	2	2	2	3	1	1	1	2	1	1	1	1	1	2	1	2	3
13871	1	1	1	2	2	2	2	2	2	2	1	2	2	2	1	1	2	3
13872	4	3	1	2	3	1	1	1	4	1	4	2	1	1	1	3	2	2
13880	1	1	1	1	1	1	3	3	4	2	2	2	2	2	1	1	2	2
13886	1	1	1	1	1	1	2	2	2	1	1	1	1	1	1	1	2	3
13901	4	4	3	4	2	4	4	2	4	4	2	1	2	2	4	4	2	3
13903	4	1	1	3	3	1	3	1	3	1	2	1	3	1	2	2	2	2
13930	1	1.33418102326809	1	1.85149683402981	2	2	2	1.51377409901454	4	1.8152986493754	1.45745713774902	1.16589575906281	1	1	1	1	2	1
13934	1	2	1	1	1	1	2	2	2	1	1	1	1	1	1	1	2	2
13940	4	1	1	4	3	4	3	3	2	1	1	1	1	1	2	1	2	3
13949	1	1	1	3	3	1	4	3	3	3	2	1	2	2	3	1	2	3
13969	3	1	1	1	3	3	3	1	4	1	1	1	1	1	3	2	2	2
13974	2	1	2	4	3	2	4	2	2	2	1	2	2	2	4	2	2	2
13990	1	2	2	2	2	1	3	2	3	1	2	1	2	1	1	1	2	2
13996	1	2	1	2	1	1	4	4	4	4	1	3	2	1	4	4	2	2
14002	1	1	3	2	2	1	1	2	3	1	2	1	1	1	1	1	2	1
14013	2	2	2	3	3	3	2	2	2	2	3	2	1	1	2	3	2	2
14032	1	1	1	2	3	1	2	1	2	2	2	1	2	1	1	1	2	3
14082	4	1	1	1.11087550501991	1	1.90096821175678	1	1	2	1	1	1	1	1	1	1	2	3
14094	1	1	2	1	1	1	3	1	2	1	1	1	2	1	1	1	2	3
14102	1	1	1	1	1	1	1	1	3	1	2	1	1	1	1	1	2	3
14103	3	2.4319425258864	2.15945417091547	3	3	4	3	2	3	2	1.90519601572169	1.72578823112086	3	2.24342243782102	2	3	2	3
14112	3	3	3	3	4	3	4	4	4	4	4	3	4	4	4	4	2	1
14162	1	1	1	3	2	1	4	4	4	1	1	1	1	1	4	1	2	3
14164	1	1	1	3	3	1	4	2	3	1	1	1	2	1	2	3	2	1
14183	4	2	1	2	3	4	3	2	2	2	3	1	3	2	2	4	2	3
14190	2	1	1	2	2	1	3	2	3	3	2	2	2	2	3	2.23690795752455	2	3
14219	3	3	3	4	3	1	3	2	3	1	1	2	1	1	3	3	1	3
14229	3	2	2	3	3	2	2	1	2	2	2	2	2	3	2	2	2	3
14248	1	1	1	2	2	1	2	2	2	2	2	1	2	1	2	2	2	3
14285	1	2	2	3	2	2	2	2	3	1	2	1	2	1	1	2	2	3
14311	4	2	1	1	2	3	3	3	4	1	2	1	2	1	2	1	2	3
14335	1	2	1	1	1	4	2	1	4	2	1	2	2	2	1	1	2	2
14342	2	2	2	2	2	3	3	2	2	1	1	1	2	1	2	1	2	2
14351	1	2	2	2	3	2	4	4	3	4	2	2	3	2	3	3	2	1
14383	1	1	1	3	4	2	2	1	1	1	1	1	2	1	2	2	2	3
14385	4	3	3	3	3	3	4	3	3	3	3	3	3	3	3	3	2	1
14388	1	2	1	2	2	1	2	1	3	1	1	1	2	2	1	2	2	3
14401	1	1	1	2	4	2	3	2	4	1	1	1	1	1	2	3	2	3
14403	2	1	2	2	2	2	2	2	2	1	1	2	1	1	2	2	2	2
14413	3	1	1	1	2	4	4	4	2	3	2	3	4	3	4	4	1	2
14436	1	3	1	2	2	2	4	4	2	3	2	1	2	1	2	2	2	2
14438	4	4	4	4	4	4	4	4	4	4	2	4	4	4	2	2	2	1
14445	1	3	2	1	2	1	3	3	4	3	2	2	2	2	2	1	2	2
14452	1	1	1	1	1	4	2	1	4	1	2	2	1	1	3	2	2	1
14453	1	2	2	1	1	1	2	1	3	1	2	1	1	1	1	1	2	3
14462	2	2	1	1	2	2	4	3	3	1	1	1	1	1	4	3	2	3
14474	3	2	2	2	2	2	3	2	3	1.95296412270324	1	2	2	2	2	1.99962282041655	2	2
14492	2	2	2	2	2	2	3	2	2	1	2	1	2	2	2	2	2	3
14500	1	2	2	2	2	2	2	2	3	1	1	1	1	1	2	1	2	3
14505	1	1	1	4	3	4	4	3	2	1	1	2	4	2	4	4	2	3
14508	3	2	2	3	3	1	3	2	3	2	1	1	3	2	2	2	2	3
14519	1	1	1	1	2	1	3	2	4	3	1	1	1	1	4	3	2	3
14533	3	3	2	2	3	3	2.52740812392907	2	3	2	2	2	2	1	2	1.9479243078732	2	3
14538	1	2	2	4	4	1	3	3	4	2	1	1	3	2	2	2	2	3
14547	4	1	1	2	1	4	4	2	1	1	1	1	4	2	3	2	2	2
14565	1	1	1	1	1	1	1	1	1	1	1	1	1	1	1	1	2	3
14600	1	1	1	1	1	1	2	1	3	1	1	1	1	1	1	2	2	2
14614	4	3	3	3	1	2	2	4	2	3	2.47519959020079	2	2.14663055544927	1.69833946111038	2	2	1	3
14618	3	4	4	4	2	4	4	2	4	2	2	3	2	2	2	2	2	1
14626	2	2	3	4	3	3	3	2	3	3	2	2	2	2	2	3	2	3
14634	2	2	2	3	3	2	3	3	3	4	3	3	2	2	2	3	2	1
14654	2	2	2	3	3	3	3	3	3	2	2	2	2	2	2	2	2	2
14656	3	3	1	2	2	2	3	4	4	4	2	3	2	3	3	2.80111081775296	2	1
14661	1	2	2	2	4	2	2	1	4	2	1	1	1	1	2	2	2	3
14694	1	2	2	4	2	1	4	2	4	1	1	1	1	1	2	4	2	2
14723	4	4	2	2	2.33170927870733	3	4	4	3	3.41691043294116	3	3	4	4	4	4	2	2
14755	4	1	2	4	4	4	2	1	2	1	1	1	1	1	2	2	2	3
14767	1	2	1	1	1	1	2	1	2	1	1	1	1	1	1	1	2	3
