5	2	2	1	2	1	1	3	2	2	1	1	1	1.4512418370884	1	3	3	2	2
30	3	2	1	3	1	1	3	1	3	2	2	1	2	2	2	1	2	2
35	4	4	4	3	3	4	4	4	4	4	1	1	4	2.51543428091071	3	1	2	2
37	1	2	1	1	1	1	1	1	1	3	1	1	1	1	1	1	2	2
42	2	2	2	2	2	2	2	2	2	2	3	2	2	2	2	2	2	2
59	3	2	2	4	2	3	3	2.34411781222158	4	3	2	1	1.99851040709538	1.68844721953412	2	2	2	2
77	4	1	2	2	2	4	4	2	4	4	1	2	4	2	4	4	1	2
88	2	3	3	4	3	2	4	2	4	2	2	2	2	2	4	3	2	2
89	1	1	1	1	1	3	3	3	3	2	1	1	1	1	2	4	2	2
99	1	1	2	2	2	3	3.22147268675571	2.49071559196346	4	3	2	1	1	1	3	3	2	2
130	1	2	2	4	4	3	4	4	3	4	3	2	4	2	4	4	2	2
142	2	1	2	3	2	3	3	2	2	2	2	1	2	2	3	3	2	2
184	4	3	3	4	3	4	4	4	4	3	3	3	3	3	3	4	1	2
209	2	3	3	4	3	3	3	2	4	3	1	2	4	1	2	2	2	2
221	1	2	2	2	2	1	3	2	4	2	2	1	2	2	3	3	2	2
235	1	1	1	1	2	1	2	2	3	2	2	1	1	1	2	2	2	2
247	4	2	1	4	4	2	4	2	4	2	1	1	2	1	4	1	2	2
281	4	2	1	4	1	4	4	4	4	4	4	1	1	1	4	4	2	2
293	1	1	1	2	2	1	1	1	3	2	2	1	1	1	1	1	2	2
299	1	3	2	1	2	4	2	2	2	2	2	2	2	1	2	2	1	2
301	1	3	2	3	3	3	3	2	3	2	2	1	2	2	3	2	2	2
354	3	2	2	2	3	4	4	2	3	3	2	2	2	2	2	3	2	2
383	2	2.12773266065923	2	2	2.39549531703133	3	2	2.08502748384691	2.69867806479	1	2	2	3	1	2	1.81075960125353	2	2
419	1	1	1	1	1	1	2	1	1	1	1	1	1	1	1	1	2	2
434	3	1	1	3	3	2	3	3	4	2	3	1	2	2	2.5054150774881	3	2	2
462	1	2	1	3	2	1	2	2	2	3	2	2	2	1	1	2	1	2
496	2	1	1	2	3	3	3	2	3	3	2	1	1	1	4	2	2	2
505	4	1	1	2	3	3	4	3	3	2	2	2	3	2	1	2	2	2
524	1	2	2	4	1	1	4	4	4	4	2	2	4	2	3	2	2	2
538	2	2	2	4	4	4	3	2	3	2	3	2	1	1	2	2	2	2
561	3	2	2	2	2	2	4	2	3	2	2	2	2	2	2	2	2	2
584	2	4	4	4	4	4	4	1	4	1.92004120685193	1	1	1	1	4	1	2	2
596	1	1	1	1	1	1	4	4	2	1	1	2	2	2	1	4	1	2
646	1	1	2	2	2	2	3	2	3	1	1	1	1	1	2	2	2	2
691	4	3	4	2	2	4	4	4	1	1	3	1	1	1	4	4	2	2
693	2	2	1	4	3	2	3	4	1	3	2	2	3	3	4	4	2	2
694	2	2	2	2	2	3	2	1	2	3	1	1	1	1	2	1	2	2
735	4	2	2	2	2	2	4	4	4	4	2	2	4	3	4	4	2	2
738	1	4	2	1	1	1	4	2	4	4	1	3	3	2	1	1	2	2
755	2	1	1	2	1	2	3	2	3	2	2	1	1	1	3	2	2	2
776	1	1	1	3	2	1	2	2	2	1	1	1	1	1	3	1	2	2
791	4	2	2	2	3	4	3	2	2	3	2	2	2	2	3	3	2	2
808	2	2	2	2	2	2	3	2	3	2	3	2	1.96024426415463	2	2	2	2	2
835	3	1	2	2	2	2	4	4	4	4	3	4	3	2	2	2	2	2
836	1	2	3	4	1	1	1	2	4	1	1	1	1	3	1	1	2	2
889	3	3	2	1	1	2	1	1	1	1	1	1	1	1	1	1	2	2
916	4	2	1	2	2	2	2	2	2	1	1	1	1	1	1	2	2	2
958	2	1	1	3	4	2	2.66162028295519	2	4	2	1	3	2	2	1	2	2	2
971	2	4	2	2	1	4	4	4	3	4	2	1	4	4	4	4	2	2
974	4	3	3	3	1	4	4	4	4	3	1	3	1	1	4	4	1	2
982	1	3	2	4	3	2	2	3	3	3	2	2	2	2	2	2	2	2
1010	1	2	2	3	3	2	3	3	3	2	4	1	1	1	2	2	2	2
1014	1	2	2	2	4	2	4	2	4	3	2	2	2	2	3	3	2	2
1026	2	2	2	3	2	3	3	3	3	2	2	2	2	2	2	3	2	2
1055	3	4	4	2	2	4	4	2	4	4	2.61054109534915	2	1.92720381333488	1	4	4	1	2
1084	2	2	2	2	3	3	2	2	3	2	3	2	2	2	3	2	2	2
1101	1	1	1	4	2	2	4	4	2	4	2	4	2	2	2	4	2	2
1123	2	2	2	2	2	1	2	3	2	1	3	2	2	2	2	2	2	2
1174	1	2	2	3	3	2	3	3	4	2	2	2	2	3	4	2	2	2
1175	3	2	2	2	1	3	3	2	2	3	2	1	2	2	1	2	2	2
1207	1	2	3	3	2	4	3	2	3	3	3	2	2	2	2	2	2	2
1226	4	1	1	3	2	1	4	4	3	4	1	4	4	4	1	4	2	2
1244	3	2	2	2	1	3	2	2	2	2	1.6532493960258	1	3	1.91493599281109	2	2	2	2
1256	1	2	2	2	2	2	4	4	4	4	2	2	2	1	4	4	2	2
1260	3	2	2	2	2	2	4	2	2	2	2	1	2	2	2	1	2	2
1284	1	1	1	3	4	3	3	2	2	2	2	2	2	2	1	2	2	2
1291	3	4	4	4	4	1	2	4	4	4	2	4	2	1	1	1	1	2
1312	1	2	2	2	3	1	3	3	3	2	2	2	2	3	3	2	2	2
1358	2	3	2	3	3	2	3	2	2	3	2	2	2	2	2	2	1	2
1376	1	1	1	3	3	3	4	3	4	2	1	1	2	2	4	2	2	2
1407	1	1	1	1	1	1	2	2	3	2	1	1	1	1	1	1	2	2
1419	1	3	3	2	3	2	3	2	4	2	2	1.79516227747238	2	2	2	2	2	2
1422	1	2	1	3	4	1	4	4	3	3	4	2.15457598510795	1.76661080649009	1	3.03795506363421	4	1	2
1434	1	2	2	4	3	2	3	2	4	3	2	1	2	2	2	2	1	2
1454	1	1	1	2	2	4	2	2	3	1	1	1	2	2	2	2	2	2
1527	4	2	3	1	1	4	4	4	2	2	2	1	2	2	4	4	2	2
1531	1	1	1	2	2	1	3	2	3	2	2	1	1	1	2	3	2	2
1568	3	2	1	2	2	4	3	2	2	2	1	1	2	1	3	2	1	2
1580	1	2	2	3	1	2	4	4	4	3	3	3	2	2	2	3	1	2
1584	4	4	3	3	3	4	3	2	2	1	4	2	2	2	3	3	2	2
1597	2	3	1	2	2	2	2	3	3	2	3	1	2	1	2	2	2	2
1626	2	1	1	1	2	2	2	3	2	2	3	2	2	1	2	2	2	2
1640	1	1	1	3	3	2	4	3	2	2	2	1	1	1	2	2	2	2
1645	2	1	1	2	1	3	3	2	3	2	1	1	1	1	3	2	2	2
1661	1	2	1	4	4	1	4	2	4	1	1	1	1	1	3	3	2	2
1672	4	2	1	3	3	3	2	2	2	1	1	2	1	1	1	1	2	2
1695	1	1	1	1	1	2	2	2	1	1	1	1	1	1	1	2	2	2
1702	1	1	1	1	1	1	4	4	4	3	1	4	2.97847708243565	3	4	2	1	2
1710	3	2	2	3	4	4	4	3.18953778663972	4	2	2	2	3	2	4	3	2	2
1712	2	1	1	4	3	4	3	4	3	3	1	1	1	1	1	3	2	2
1740	1	2	2	4	2	2	4	2	2	2	2	2	2	2	2	2	1	2
1746	1	2	1	2	2	3	2	1	2	1	1	2	1	1	3	2	2	2
1765	3	2	2	2	2	3	2	2	3	1	2	1	1	1	2	2	2	2
1838	4	2	1	4	4	4	4	3	2	3	2	2	1	1	3	2	2	2
1864	1	2	1	4	4	1	4	4	4	4	3	1	1	1	4	4	1	2
1974	3	2	2	2	1	2	4	2	3	2.28932440581047	3	1	1	1	4	2	2	2
1987	1	2	2	3	3	3	3	3	3	1	1	1	2	1	2	3	2	2
2014	1	2	2	2	4	2	3	3	3	2	3	1	2	2	1	2	2	2
2030	2	3	2	3	2	3	2	4	3	4	2	1.93656917790605	2	1	2.46011272937775	2.77340246973046	1	2
2049	1	2	2	2	2	1	3	2	3	4	1	2	1	1	3	2	2	2
2053	1	1	1	2	4	2	4	3	1	1	3	1	1	1	1	4	1	2
2057	4	4	1	2	3	4	4	2.5012682663686	3	1	1.39707305034126	1	4	1	1	1	2	2
2059	1	1	1	1	1	1	1	1	3	2	2	1	1	2	1	1	2	2
2079	4	2.02267629070081	1	1	2	2.41480013925387	1.98488782661545	1	4	1	1	1	2.92646275343168	4	1	1	1	2
2094	2	3	2	4	2	4	4	4	3	2	2	2	2	2	2	4	1	2
2113	2	2	2	2	3	1	3	2	2	2	2	2	2	2	2	3	2	2
2174	4	1	1	4	4	4	4	4	4	3	2	2	3	2	4	3	2	2
2187	1	1	1	2	2	3	2	2	2	2	2	1	2	2	1	1	2	2
2191	1	2	2	2	1	1	2	2	4	2	2	1	2	2	1	2	2	2
2194	2	1	1	2	2	4	4	3	3	3	3	1	2	1	4	2	2	2
2213	1	1	2	2	2	2	3	2	2	1	1	1	1	1	2	2	2	2
2217	4	3	1	2	2	4	4	4	4	2	2	2	4	1	4	2	2	2
2222	2	2	2	4	4	2	4	4	2	2	2	2	2	1	4	4	2	2
2233	2	2	2	2	2	2	2	1	3	1	2	4	1	1	2	1	2	2
2235	1	2	2	2	1	1	3	4	4	1	1	1	1	1	2	2	2	2
2239	1	2	2	2	2	2	4	2	4	4	2	2	2	2	4	2	1	2
2245	1	1	1	1	1	1	3	2	4	3	1	1	1	1	3	2	2	2
2252	3	3	2	2	2	2.28792271912961	2.06250044139452	1	2.55415443773951	1	1.62468035116275	1.42244006745282	1.32362779372291	1	1.57577080080448	1.71294938414358	1	2
2259	2	2	2	2	2	2	4	2	4	4	2	2	4	4	2	2	1	2
2409	2	3	3	3	3	3	1	2	3	2	2	1	2	1	4	3	1	2
2418	2	2	1	3	2	2	3	4	4	4	3	2	3	3	4	4	2	2
2438	1	1	1	1	1	1	2	1	2	2	2	1	1	1	2	2	2	2
2442	1	2	2	2	2	1	4	2	4	2	1	1	2	1	4	2	2	2
2478	3	2	2	2	2	3	4	3	4	4	2	2	2	2	2	2	2	2
2494	4	2	1	3	4	4	4	4	2	1	4	2	2	2	2	2	2	2
2508	1	3	4	4	4	3	4	4	4	3	4	3	2	3	2	3	1	2
2523	2	2	2	2	2	1	3	2	3	2	2	1	1	1	2	2	2	2
2526	1	2	2	3	3	2	4	2	3	2	3	2	2	2	3	3	2	2
2540	2	2	2	2	3	3	3	2	3	2	2	1	2	2	3	2	2	2
2546	2	2	2	3	2	2	3	3	2	3	2	2	2	2	3	4	2	2
2555	4	1	1	1	2	1	4	2	1	1	1	1	1	1	1	2	2	2
2563	1	1	1	2	2	1	3	1	2	1	1	1	1	1	2	1	2	2
2581	4	2	1	4	1	1	2	3	4	1	1	1	1	1	1	2	2	2
2586	1	1	1	1	2	1	1.8475741258393	2	2	1	1	1	1	1	1	1	2	2
2660	1	3	2	2	2	2	4	4	4	2	2	2	2	1	4	4	1	2
2668	4	2	2	2	2	3	2	3	2	2	2	2	2	2	2	3	2	2
2704	1	2	1	2	1	1	2	2	2	1	2	1	1	1	2	1	2	2
2719	4	3	3	2	2	3	2	2	4	2	2	2	1	1	1	1	2	2
2729	2	2	3	2	2	3	3	2	4	1	2	1	2	1	1	1	2	2
2737	1	1	1	3	3	1	4	2	2	4	2	1	1	1	4	2	2	2
2740	1	4	2	2	1	2	2	1	2	4	4	2	1	1	4	4	1	2
2754	1	1	1	2	4	1	4	4	3	4	1	1	1	1	1	3	2	2
2774	1	1	1	2	1	2	4	4	4	4	2	2	3	2	4	4	2	2
2803	1	2	2	2	2	2	2	2	3	3	2	2	2	1	2	2	2	2
2816	1	1	1	1	3	1	3	1	4	1	1	1	1	1	1	1	2	2
2830	3	2	2	2	2	3	2	2	3	3	2	1	3	2	2	1	2	2
2833	1	1	1	2	2	2	2	1	2	1	1	1	1	1	2	2	2	2
2855	2	2	2	3	3	3	3	2	2	3	2	2	2	2	3	2	1	2
2878	4	2	1	4	1	4	4	2	2	3	1	1	1	1	1	2	1	2
2879	1	3	2	3	3	2	3	3	3	2	2	2	2	2	4	3	2	2
2900	4	4	4	1	1	2	1	1	4	1	2	1	1	1	2	2	1	2
2908	2	1	1	2	2	2	4	4	4	4	3	2	2	2	2	2	2	2
2911	1	1	4	2	2.12715927789101	1	4	2	4	3	4	1	4	4	4	1	2	2
2919	3	3	1	3	3	2	3	2	4	2	1	1	2.22055710170083	2	2	3	2	2
2922	2	2	1	3	3	1	2	2	3	1	1	1	2	2	2	1	2	2
2928	1	1	1	3	3	2	3	3	3	1	3	2	3	2	3	2	2	2
2932	3	2	4	4	2	3	4	4	4	4	4	3	3	4	4	4	2	2
2969	1	4	4	2	2	3	2	2	4	2	2	3	2.23448659965946	2.17111167983761	2	3	2	2
3000	1	2	1	3	3	2	3	2	3	2	1	1	4	2	1	2	2	2
3026	4	2	2	2	2	4	4	3	3	3	2.40477827884464	2.02817164830545	2	3	4	2	2	2
3047	3	2	2	2	2	4	4	4	4	4	3	3	2	2	2	4	1	2
3070	1	1	1	4	2	1	4	2	4	3	1	4	1	2	3	3	2	2
3084	1	2	1	1	1	1	1	1	3	2	2	2	1	1	1	2	2	2
3088	1	2	2	1	4	1	2	2	4	2	2	2	1	1	2	2	2	2
3121	3	3	3	2	2	4	2	2	3	2	2	1	2	2	1	2	2	2
3171	1	2	2	4	4	2	4	2	2	2	2	2	2	2	4	4	2	2
3228	3	2	2	2	2	4	2	3	1	2	2	2	2	3	2	1	2	2
3265	2	1	1	3	3	3	3	3	4	1	1	1	2	2	2	1	2	2
3277	3	2	2	2	2	4	2	4	4	4	4	2	2	2	2	2	1	2
3284	1	2	2	3	2	2	4	2	4	4	1	1	2	2	3	2	2	2
3305	1	2	2	2	2	1	4	1	4	1	1	1	1	1	1	2	2	2
3337	4	1	1	4	1	4	1	1	4	4	1	1	3	1	1	1	2	2
3339	4	3	2	3	2.75872720342265	3	3	2	4	2.51593627172791	2	3	2	1.95356619324584	2	2	2	2
3349	1	1	1	2.35858030611161	3	1	3	1	2	2	1	1	1.31258149881811	1	2	1	2	2
3381	1	2	2	2	2	1	1	1	2	1	1	1	2	2	1	2	2	2
3394	2	2	2	2	2	2	3	2	3	2	2	2	3	3	2	3	2	2
3413	2.34164688250704	3	2.12198152331425	2.13865057264007	2	2.15555521160237	3	2.16762418245211	2.90804877067487	1.8709456019062	1.71760481169222	1	1	1	2.20708831258745	2.00186154281767	2	2
3429	1	2	1	2	2	1	2	2	3	3	2	1	1	2	2	2	2	2
3486	2	2	2	3	3	4	3	2	3	2	2	2	2.06632255721167	1.91355593207176	3	2	2	2
3527	4	3	2	1	1	3	3	2	3	1	2	1	1	1	2	2	2	2
3532	1	2	1	1	2	1	4	2	2	2	2	1	2	1	4	2	2	2
3534	1	2	2	2	2	2	4	4	4	2	2	1	2	2	4	4	2	2
3545	2	1	1	2	1	3	4	4	2	1	1	1	1	1.05274748331118	2	4	1	2
3558	1	2	2	3	3	2	4	2	3	2	3	1	2	2	2	2	2	2
3570	1	1	1	4	4	1	4	3	3	2	2	2	2	2	3	2	2	2
3607	3	2	2	2	2	1	2	2	1	1	1	1	1	1	1	2	2	2
3615	1	2	2	2	2	2	2	2	2	2	2	1	2	1	2	1	2	2
3623	1	4	1	2	3	2	2	3	3	1	2	1	3	2	2	1	2	2
3627	1	3	2	2	2	2	2	2	4	2	4	2	2	2	2	2	2	2
3637	1	2	2	3	3	1	2	1	2	2	2	1	1	1	2	2	2	2
3641	1	2	2	2	2	2	3	2	3	1	1	1	2	2	2	2	2	2
3648	2	3	2	2	3	3	4	2	4	4	2	1	2	1	2	2	2	2
3668	1	1	2	3	3	2	3	2	2	2	1	1	2	1	2	2	2	2
3681	4	2	2	2	2	4	2	1	4	2	2	1	1	1	2	2	2	2
3686	4	4	3	4	4	4	4	4	4	2	1	4	4	2	2	4	1	2
3725	1	3	2	2	2	1	2	2	3	1	1	1	1	1	1	1	2	2
3797	1	4	3	2	2	4	4	4	4	4	1	1	4	1	2	2	2	2
3830	1	2	2	2	1	2	4	2	2	4	2	3	2	1	1	1	1	2
3852	2	2	2	1	3	2	3	2	3	2	2	3	1	1	1	2	2	2
3863	1	1	1	2	2	1	3	2	1	1	1	1	1	2	3	2	2	2
3877	1	2	2	2	3	1	3	2	3	3	2	2	2	1	2	2	2	2
3923	2	1	1	2	3	2	3	2	3	3	2.04863367939163	2	1	1.22906575208364	2	2	2	2
3928	1	1	1	1	1	1	1	1	1	1	1	1	1	1	1	1	2	2
3932	4	1	2	3	2	4	4	4	4	4	2	2	3	2	4	4	1	2
3936	1	1	1	2	1	1	2	2	4	3	2	3	1	1	1.96101747167246	2	2	2
3980	2	2	2	2	4	2	3	1	3	2	2	1	1	1	1	2	2	2
3981	3	1	1	2	3	3	2	2	3	1	1	1	2	1	2	1	2	2
4018	1	2	1	3	4	1	3	3	2	1	2	2	2	1	2	2	2	2
4101	4	2	2	2	3	3	3	2	2	2	3	1	2	2	2	3	2	2
4104	1	1	1	2	4	2	3	2	3	1	2	2	2	1	1	2	2	2
4115	1	2	2	2	3	1	4	3	4	3	1.87820536036893	1	2	1	2.69004647419683	2	2	2
4128	1	2	1	3	2	2	3	2	3	3	3	1	2	1	2	2	2	2
4163	1	1	1	1	2	2	2	2	1	1	1	1	1	1	2	2	2	2
4168	2	1	1	2	2	2	1	1	3	1	2	1	1.10603527525473	1	1	1	2	2
4189	1	2	2	2	3	1	2	3	3	1	2	1	1	1	2	2	1	2
4220	1	2	2	2	2	3	3	1	4	1	2	4	2	2	2	2	1	2
4265	3	4	3	4	4	4	3	3	3	4	2	2	3	3	3	3	2	2
4269	4	2	2	2	2	4	4	2	4	4	1	1	1	1	4	2	2	2
4273	2.01601358629981	2	1	1	1	2	2	2	4	1	1	1	1.36478331204404	1	1	1	2	2
4279	2	3	2	2	2	2	3	3	4	3	2	2	3	2	3	3	2	2
4290	4	1	1	4	4	4	4	4	2	1	4	1	2	2	2	3	2	2
4291	1	2	4	2	1	4	3	2	2	1	1	1	1	1	1	3	2	2
4313	3	2	2	3	2	3	4	3	4	2	2	3	2	2	3	3	1	2
4314	1	1	1	3	4	1	4	2	4	2	1	1	1.53896364411984	1	2	1	2	2
4337	1	1	1	2	4	1	3	1	1	1	1	1	1	1	2	3	2	2
4364	4	1	2	3	3	3	3	2	4	4	3	1	1	1	1	1	2	2
4409	2	1	1	2	3	2	3	2	3	3	1	1	2	2	2	2	2	2
4443	1	1	1	2	2	1	2	1	3	3	1	1	1	1	2	2	2	2
4449	2	4	2	1	2	2	4	2.28659645287267	2	1	1	1	1	1	2.00028066223049	1	1	2
4451	3	2	2	4	4	1	4	4	4	2	4	2	4	2	4	4	1	2
4472	3	3	2	2	2	2	4	4	3	4	3	3	2	2	3	1	1	2
4496	3	2	2	4	2	4	2	2	4	4	2	2	2	2	2	4	2	2
4509	1	1	1	2	1	1	2	1	1	1	2	1	1	1	2	2	2	2
4515	3	1	1	2	2	2	2	2	1	1	1	1	2	1	3	2	2	2
4532	3	1	1	2	3	2	3	2	3	2	2	1	1	1	3	2	2	2
4564	1	1	1	2	1	1	2	2	4	1	1	1	1	3	3	2	2	2
4599	1	1	1	2	2	1	2	2	4	3	2	1	2	1	1	1	2	2
4692	2	2	2	3	3	4	3	3	2	2	3	2	1	1	1	2	2	2
4693	1	1	1	2	3	2	3	2	3	4	1	1	2	2	2	2	2	2
4696	1	1	1	4	2	1	4	4	1	1	1	1	2.58079903770567	3	1	3	2	2
4729	1	1	1	1	1	1	2	1	2	2	2	1	2	1	2	1	2	2
4749	1	2	1	3	4	1	4	3	4	2	2	4	4	4	2	3	2	2
4765	4	3	2	4	4	3	4	4	4	4	3	3	4	4	4	4	2	2
4788	1	2	2	2	2	1	2	2	3	3	2	2	4	4	1	2	2	2
4870	1	2	2	3	2	1	3	3	2	2	2	2	1.88680053275146	1.62194929772982	2	2	2	2
4878	3	1	1	4	3	2	3	1	2.58204048782489	1	1	1	1	1	2	1	2	2
4933	2	1	1	2	2	1	3	2	3	1	2	1	1	2	2	1	2	2
4956	4	1	3	2	2	4	4	4	1	1	1	2	1	1	4	2	2	2
4973	2	3	2	3	2	3	3.01556570280205	2.74088428845736	4	2	3	2	2	1	2	2.31711781708835	1	2
4988	2	3	1	1	2	3	1	2	4	3	1	1	2.16309607523948	2	2	1	2	2
5033	2	4	3	4	4	4	4	2	1	1	1	1	1	1	4	4	2	2
5044	2	1	1	2	2	2	2	2	2	2	2	2	1	1	2	3	2	2
5069	1	2	1	1	1	1	1	1	1	1	1	1	1	1	1	1	2	2
5074	3	1	2	4	4	4	2	2	4	2	2	4	1	1	2	2	2	2
5086	2	2	2	1	2	4	3	2	4	2	2	2	2	1	2	2	2	2
5096	1	2	2	3	3	4	2	3	3	3	2	1	1	2	2	2	2	2
5104	1	1	1	2	2	1	2	2	3	2	1	1	1	1	1	2	2	2
5115	3	3	2	3	3	2	3	3	3	2	2	2	2	1	2	2	2	2
5176	1	1	1	4	4	2	3	2	4	4	4	2	2	3	1	2	2	2
5194	1	2	1	2	4	1	3	3	3	4	2	1	2	1	2	3	2	2
5216	2	3	2	2	1	3	3	2	2	1	2	2	1	2	2	2	2	2
5225	1	1	1	4	4	4	2	2	4	2	1	2	4	4	2	2	2	2
5249	3	3	3	3	2	2	4	4	4	4	2	1	4	1	3.02939241689661	2	1	2
5259	4	3	3	2	4	4	4	2	4	2	2	2	4	2	2	2	1	2
5310	1	1	1	4	3	1	1	2	2	3	1	1	2	1	2	2	2	2
5328	2	1	1	1	2	2	4	3	1	1	1	1	2	2	3	2	2	2
5417	1	2	2	1	1	1	1	1	3	1	1	1	1	1	1	1	2	2
5424	2	2	2	2	2	2	3	2	3	2	2	2	2	2	2	2	2	2
5477	1	1	1	1	1	1	1	1	2	1	1	1	1	1	2	1	2	2
5497	4	2	2	2	1	1	2	2	2	1	2	2	1	2	2	2	2	2
5517	3	2	2	3	3	4	3	3	3	3	2	2	3	2	4	3	2	2
5527	2	1	1	1	1	1	4	2	4	1	2	1	1	1	2	2	2	2
5528	3	2	1	2	2	2	3	3	3	4	1	1	4	4	2	2	2	2
5540	3	3	1	1	2	2	2	2	3	2	1	1	1	2	2	2	2	2
5561	4	4	4	1	2	1	2	2	3	1	1	1	2	2	2	3	2	2
5664	1	2	1	2	3	1	3	2	4	3	2	2	2	2	2	2	2	2
5665	1	3	2	2	2	2	3	2	4	2	3	1	3	3	2	2	1	2
5670	1	2	1	1	3	1	3	2	3	1	1	1	2	3	1	1	2	2
5706	4	4	4	4	4	4	4	2	4	2	2	2	2	2	1	2	2	2
5755	1	2	1	1	1	1	1	2	2	2	2	1	2	2	1	2	2	2
5770	1	1	1	2	2	1	1	1	2	1	1	1	1	1	1	1	2	2
5774	2	2	2	2	3	2	2	2	3	1	2	1	2	1	1	1	2	2
5784	4	4	2	2	4	1	4	4	4	4	4	4	4	4	4	4	2	2
5800	2	2	2	2	3	4	1	3	4	3	2	1	2	1	2	2	2	2
5858	3	2	2	1	2	2	1	2	3	1	2	2	1	1	1	1	2	2
5888	1	2	1	1	1	2	4	4	2	2	2	1	1	1	2	3	2	2
5901	1	2	2	1.9758992250154	2	2	2	2	2	1	1	2	1	1	2	2	2	2
5917	1	1	1	1	1	1	4	4	4	3	3	1	2	1	2	4	2	2
5978	1	2	1	4	3	1	4	4	4	4	2	2	2	2	4	4	2	2
6011	1	2	3	2	3	2	3	4	3	3	3	2	3	2	4	4	1	2
6034	1	1	1	4	4	1	4	4	4	4	2	2	4	4	1	4	2	2
6083	3	2	2	2	2	4	3	2	3	2	2	1	1	1	3	1	1	2
6092	2	2	2	2	1	1	3	2	2	2	2	1	1	1	2	2	2	2
6099	4	3	1	3	3	2	3	1	3	1	1	1	4	1	2	1	2	2
6132	2	2	1	2.00686824123083	1	2	4	3	2.74962596315716	1	1	1	1	2	3	2.46327641132192	2	2
6147	4	4	4	2	2	4	4	4	4	4	4	1	4	4	4	4	2	2
6175	3	2	1	1	2	4	4	4	3	1	1	1	2.45526143194301	2	4	2	2	2
6188	4	1	1	2	2	4	3	2	3	1	1	1	2	1	2	1	2	2
6200	4	1	1	3	3	1	3	2	3	2	3	2	3	2	3	1	2	2
6226	1	4	3	4	4	1	3	2	4	2	2	3	2	2	2	3	2	2
6296	1	2	1	2	2	2	4	3	4	4	1	1	2	2	2	2	2	2
6301	3	2	1	3	3	2	2	1	3	2	1	1	1	1	1	1	1	2
6334	2	2	3	3	3	3	3	3	3	2	2	1	1	1	2	2	1	2
6337	2	2	2	3	3	2	3	2	3	2	2	1	1	1	2	1.94715005818328	2	2
6369	4	2	2	4	2	1	1	1	4	1	1	1	2	2	1	1	2	2
6376	1	3	2	1	2	1	4	4	4	4	3	3	2	2	3	2	2	2
6379	1	3	2	2	3	2	2	2	4	1	1	1	2	1	2	1	2	2
6416	1	2	2	2	1	1	4	4	3	3	1	2	2	1	4	2	2	2
6438	3	3	4	2	2	2	4	4	4	2	2	2	4	2	2	4	2	2
6448	3	2	2	2	2	3	2	1	2	1	1	1	1	1	2	2	2	2
6455	4	2	2	4	4	1	4	3	4	1	1	3	2	2	3	2	2	2
6467	1	1	1	4	2	1	4	4	2	2	1	1	1	1	1	2	2	2
6490	1	2	1	3	2	1	2	2	3	1	2	1	1	1	2	1	2	2
6494	1	2	2	2	4	2	4	4	4	2	2	2	4	2	4	4	2	2
6501	1	2	2	4	4	2	4	4	2	2	1	2	2	2	2	2	2	2
6506	1	1	1	2	1	1	3	1	2	1	1	1	2	2	1	2	2	2
6507	1	1	1	2	3	1	2	2	3	3	2	1	1	1	2	2	2	2
6518	2	2	2	4	4	2	4	2	2	2	1	1	2	2	2	1	2	2
6596	1	2	1	3	3	1	4	4	4	3	1	2	2	1	3	3	1	2
6609	4	1	2	1	1	1	4	1	4	1	1	1	1.68086320113967	1.32287724370189	4	2	2	2
6615	4	3	2	2	3	3	4	4	3	3	2	1	4	2	4	2	2	2
6645	3	2	2	2	2	2	2	2	4	2	2	2	2	1	2	2	2	2
6665	4	2	2	4	2	4	4	2	4	3	2	2	2	2	2	2	2	2
6703	1	4	2	2	2	1	3	2	3	3	3	1	1	1	2	2	2	2
6725	1	2	1	2	2	1	3	2	2	2	2	1	1	3	2	2	2	2
6737	2	1	1	2	2	2	2	1	3	3	2	1	1	1	2	1	2	2
6738	1.97249490545069	2	4	2	2	2	2	2	4	2	2	2	1	2	1	2	2	2
6784	1	3	2	2	2	3	3	3	3	1	2	1	3	2	1	3	2	2
6808	4	2	3	4	3	1	4	4	3	3	3	3	2	2	4	2	2	2
6823	1	1	1	1	1	1	2	1	3	1	1	1	1	1	2	1	2	2
6844	3	1	1	2	2	2	4	3	3	2	2	1	2	1	1	3	2	2
6911	1	1	1	3	4	2	3	2	3	2	3	1	2	2	2	2	2	2
6934	1	1	1	2	3	1	4	2	2	1	2	1	2	2	3	1	2	2
6948	1	2	1	2	1	1	4	4	2	2	2	4	4	2	4	4	2	2
6953	4	2	2	4	2	1	4	4	2	4	1	2	2	1	4	4	2	2
6956	3	3	2	4	4	1	3	3	4	4	2	4	3	3	2	2	1	2
6996	3	2	2	2	2	2	4	2	4	2	1	1	2	2	3	3	2	2
6998	2	2	2	3	3	3	3	3	3	3	2	1	3	1	3	2	2	2
7015	1	2	2	2	2	1	2	2	4	2	1	2	2	2	1	2	2	2
7058	2	2	2	4	3	2	3	2	2	1	2	1	2	2	3	3	2	2
7060	2	3	3	1	2	3	4	2	4	4	1	1	3	2	4	4	2	2
7063	3	2	2	1	2	2	3	2	4	3	2	1	4	2	4	2	2	2
7098	1	2	1	2	2.17354628947036	2	1	2	3	3	1.6646109470835	1	1	1	1	1	2	2
7123	1	1	1	4	2	2	4	2	2.54540492355592	1	1	1	1	1	2	4	1	2
7146	4	3	2	2	2	4	4	2	2	2	2	2	2	3	4	3	2	2
7151	4	2	2	3	3	3	2	2	3	1	2	1	2	1	2	2	1	2
7162	1	3	1	1	2	2	4	3	3	3	2	1	3	3	4	4	2	2
7208	1	1	2	1	2	2	2	2	3	2	2	1	2	1	1	1	2	2
7243	3	2	1	2	1	2	4	4	1	1	1	1	1	1	4	4	1	2
7270	1	2	2	2	3	1	3	2	3	4	2	2	2	2	3	3	2	2
7281	1	1	1	3	2	2	4	2.56318176102476	4	2.31870326843946	1	1	1.99533852417983	1.61383136931274	4	2	2	2
7337	1	2	2	3	3	1	4	4	4	1	1	1	4	2	2	3	2	2
7355	2.47257894208426	1	1	2	2	4	2	2	4	3	2	2	2	2	2	1	2	2
7380	3	3	1	1	1	4	2	2	3	2	1	1	2	2	2	2	2	2
7424	3	1	1	1	1	1	4	4	4	1	1	1	2	2	2	4	2	2
7445	4	4	2	2	2	3	3	2	4	1	2	1	2	1	2	2	2	2
7452	3	3	2	2	3	2	2	1	3	3	2	1	1	1	1	1	2	2
7471	1	2	2	3	4	2	3	2	3	3	2	1	1	1	3	1	2	2
7472	3	3	4	2	2	2	2	1	1	1	2	2	1.2823880235057	1	1	2	2	2
7478	2	2	2	2	3	2	4	3	3	4	4	3	3	3	4	3	2	2
7505	1	2	2	2	2	1	2	1	3	2	2	1	2	1.53612154604185	2	1	2	2
7517	4	3	2	3	4	4	3	3.26153047367066	3.21709770471908	3	4	2	2	2	4	4	2	2
7548	4	3	2	2	3	3	3	3	4	4	1	1	4	4	3	3	2	2
7558	2	1	1	2	3	4	3	2	3	3	3	2	2	2	2	2	2	2
7656	4	2	1	3	2	1	3	2.61334150297363	3	3	1	1	3	1	2	3	2	2
7671	1	1	1	4	1	1	3	1	2	2	2	1	1	1	1	1	2	2
7714	1	1	1	4	2	4	4	3	4	4	3	1	1	1	2	2	2	2
7729	1	2	2	2	2	2	3	2	3	1	1	1	2	2	2	2	1	2
7735	3	2	3	4	3	4	4	2	3	2	2	1	2.15436371267072	2	3	2	2	2
7745	3	2	2	1	2	3	3	2	4	1	1	1	1	1	2	2	2	2
7747	1	2	1	3	3	1	3	2	2	2	2	1	2	1	3	2	1	2
7791	1	1	1	2	1	1	2	2	2	2	3	1	1	4	1	1	2	2
7800	1	2	2	2	3	2	3	3	2	2	2	2	2	2	2	2	2	2
7824	2	2	1	2	1	1	2	2	3	1	1	1	3	1	2	2	2	2
7826	1	2	2	2	3	2	3	2	4	2	2	1	3	2	2	1	2	2
7863	2	2	1	1	2	1	4	3	3	2	1	1	1	2	3	2	2	2
7867	2	2	2	2	2	2	3	3	3	3	3	3	2	2	2	1	1	2
7873	3	3	1	3	3	1	3	2	3	4	3	1	2	1	3	2	2	2
7891	3	2	2	3.09612617587172	3	4	4	4	2	2	2.19093277713156	1.8498948427585	2.47435470189811	2.0865214468479	3.23630532031262	4	2	2
7974	2	3	2	2	2	2	3	2	4	4	2	2	2	1	3	1	2	2
7994	2	2	2	3	4	2	3	4	4	2	3	2	2	2	2	2	2	2
8007	3	2	1	4	2	3	4	4	2	2	2	1	2	2	2	2	2	2
8022	2	1	1	2	2	1	2	2	2	1	1	1	3	1	1	2	2	2
8025	4	1	1	3	3	2	3	3	3	1	1	1	1	1	3	2	2	2
8033	1	2	2	1	1	2	3	3	4	4	1	1	1	1	2	2	1	2
8037	2	1	1	2	3	1	2	1.51463895037364	2	1.3625608104247	1.43882605891052	1	1	0.912461233761346	1	1	2	2
8049	3	2	2	2	2	4	3	2	3	2	2	2	2	2	2	2	2	2
8054	1	2	2	1	1	1	2	1	3	1	1	1	1	1	1	1	2	2
8100	4	4	4	2	4	4	4	4	1	3	1	2	2	2	2	4	2	2
8158	4	1	2	4	4	4	4	4	2	2	1	2	1	2	4	4	2	2
8162	2	2	2	2	3	2	3	1	4	3	2	2	2	2	1	2	2	2
8183	3	2	2	2	2	4	2	1	3	2	2	2	3	1	2	1	2	2
8207	3	2	2	2	3	4	3	2	3	2	2	2	4	2	1	1	2	2
8213	3	3	3	3	3	2	4	3	3	3	2	3	3	2	2	3	1	2
8259	3	1	1	3	3	3	2	2	3	3	2	2	3	2	2	3	2	2
8286	1	2	2	4	4	4	4	3	3	3	1	3	3	3	4	4	2	2
8290	2	2	2	4	3	2	3	3	2	2	2	1	2	2	2	2	2	2
8308	1	1	1	2	2	2	1	2	2	1	3	1	1	1	2	2	2	2
8313	4	4	2	1	2	1	3	1	3	2	1	1	3	4	1	1	2	2
8371	3	2	2	4	4	4	3	2	2	4	3	3	2	1	2	2	2	2
8381	2	2	3	2	3	2	3	3	2	3	2	1	2	2	3	3	2	2
8430	1	1	1	2	3	1	4	3	4	1	1	1	1	1	1	1	2	2
8456	2	2	2	1	2	2	4	2	3	3	2	2	2	2	2	2	2	2
8485	1	1	2	1	1	1	4	3	4	4	1	1	3	1	2	2	2	2
8508	2	1	2	2	3	1	3	3	3	2	2	2	2	1	2	3	2	2
8519	1	1	1	1	1	1	1	1	3	1	1	1	1	1	2	1	2	2
8521	4	4	4	2	2	1	4	3	4	4	2	2	4	2	1	4	2	2
8570	1	2	2	2	2	1	3	2	3	3	1	1	4	2	3	2	2	2
8573	1	1	1	3	1	1	2	1	3	1	1	1	1	1	1	1	2	2
8597	2	2	2	2	2	3	3	2	3	1	1	1	2	1	2	1	2	2
8656	1	2	2	2	2	1	2	2	3	1	2	1	2	2	2	1	2	2
8701	2	2	1	2	3	2	3	2	3	3	3	2	2	1	2	2	2	2
8710	1	2	2	3	3	2	1	1	4	1	1	1	3	2	2	2	2	2
8747	3	2	1	1	2	3	4	3	4	3	2	2	2	2	2	3	2	2
8763	3	2	2	4	4	4	2	2	1	2	2	2	2	2	2	2	2	2
8798	3	2	2	1	1	1	4	4	4	4	2	2	4	2	4	4	1	2
8820	3	1	1	2	4	2	4	4	4	2	1	1	1	1	2	3	2	2
8864	3	2	2	2	2	2	4	2	4	2	2	2	2	4	2	2	2	2
8875	4	2	2	2	2	4	4	3	2	2	4	2	2	1	2	2	1	2
8883	1	1	1	1	2	1	1	1	1	1	1	1	1	1	1	1	2	2
8904	1	1	1	3	2	3	3	2	3	1	1	1	2	2	1	1	2	2
8908	2	2	2	2	4	1	2	4	4	3	2	1	2	1	2	2	2	2
8930	1	3	3	1	2	4	4	4	2	2	3	1	2	1	4	2	2	2
8970	1	1	1	4	2	1	3	1	4	1	1	1	1	2	1	2	2	2
8979	1	2	2	2	1	1	3	3	4	2	2	1	1	3	3	3	2	2
9029	1	2	2	3	3	2	4	1	4	4	3	1	1	2	4	2	2	2
9038	3	1	4	2	4	4	4	4	2	1	4	2	2	2	2	2	2	2
9046	3	3	3	2	2	3	3	2	3	3	2	2	2	2	2	2	2	2
9089	2.75205976596965	3	2	3	3	3	3	3	2	2	2	2	2	2	2	2	2	2
9097	1	3	1	3	3	2	4	3	4	3	1	2	2	1	3	3	1	2
9125	4	4	3	2	2	4	2	2	4	3	1	1	2	1	1	2	2	2
9127	1	1	2	2	2	1	3	2	2	2	2	2	2	2	3	1	2	2
9135	3	1	1	2	2	4	2	2	2	1	1	2	1	1	1	1	2	2
9138	2	1	1	2	3	4	3	2	3	2	2	1	1	1	2	2	2	2
9156	1	2	2	2	2	1	4	2	4	4	3	3	2	2	4	4	1	2
9199	1	1	3	4	4	1	4	4	4	1	1	2	4	4	4	4	2	2
9203	2	2	2	3	3	4	4	2	4	2	2	2	1	1	2	1	1	2
9214	2	1	1	2	3	2	3	3	4	2	1	3	2	1	3	2	2	2
9223	4	1	1	3	3	1	2	2	3	2	2	1	1	1	2	2	2	2
9253	3	4	4	2	1	2	2	2	4	2	2	2	3	2	1	2	2	2
9260	1	1	1	4	2	2	3	4	4	3	2	1	2	1	2	2	2	2
9263	4	3	3	4	2	3	2	3	3	2	2	3	1	3	1	3	2	2
9266	1	2	2	2	2	3	3	3	3	1	2	1	2	2	2	2	2	2
9281	1	1	1	2	2	1	2	2	2	2	2	1	2	1	2	1	2	2
9302	4	3	1	3	2	1	1	3	4	1	1	1	1.64262016601387	1	2	2	2	2
9324	2	1	1	3	3	2	3	2	2	3	1	1	2	1	2	2	2	2
9380	1	2	1	3	3	1	3	2	4	1	1	1	2	1	3	1	2	2
9390	1	3	2	4	2	1	3	2	3	3	3	3	3	3	2	2	2	2
9413	1	2	2	3	2	1	3	3	3	1	1	1	1	1	2	2	2	2
9461	2	2	2	4	3	2	4	4	2	2	3	3	2	2	2	3	1	2
9505	2	1	2	4	2	1	4	4	4	4	4	2	4	2.68235982535833	4	2	2	2
9552	2.16848457646382	2	2	2.79396095925741	2.50348290012218	2	4	3.28737737547529	3.33166245140752	3	2.31817895000704	2.05944612962296	2.22301477375018	1.83639682185304	2.89131804311604	3	1	2
9611	3	2	1	3	4	4	2	2	4	1	1	1	1	1	2	2	1	2
9683	1	2	1	2	2	2	2	1	3	2	2	2	1	1	1	2	2	2
9694	3	1	1	2	2	2	4	2	3	4	3	1	1	1	2	3	2	2
9702	1	1	2	1	1	2	2	1	3	3	1	1	1	1	2	2	2	2
9717	1	3	2	2	1	1	3	2	4	2	2	3	4	2	1	2	2	2
9810	1	2	3	2	2	2	3	4	4	4	2	2.25957237075452	2	2	4	3	1	2
9825	1	1	1	2	2	1	4	2	1	1	1	1	3	2	2	4	2	2
9855	2	2	1	2	1	1	2	1	2	3	2	1	2	1	3	2	2	2
9902	3	1	2	3	2	2	2	2	2	2	3	2	2	2	2	2	2	2
9987	1	2	1	4	3	1	4	2	4	1	2	1	2	1	2	1	2	2
9994	3	1	2	2	3	3	2	2	1	3	1	1	2	1	1	1	1	2
10040	2	2	1	1	2	1	2	1	2	2	2	1	1	1	2	1	2	2
10074	1	2	2	1	2	1	3	4	4	4	1	1	2.0373267112266	1	4	2	2	2
10085	1	2	2	2	2	2	2	2	3	2	2	2	2	3	2	2	2	2
10224	1	2	2	3	4	4	4	4	4	4	3	3	4	3	2	4	1	2
10262	1	2	1	1	2	1	1	1	2	1	1	1	1	1	2	1	2	2
10301	1	2	2	1	1	1	2	1	3	1	1	1	1	1	2	1	2	2
10307	1	1	1	2	2	2	4	3	4	3	1	1	2	1	4	4	2	2
10370	1	4	4	4	4	3	4	2	4	3	3	1	4	4	4	4	1	2
10400	4	4	4	4	2	4	4	4	1	2	2	1	4	4	4	4	2	2
10440	1	1	1	2	3	1	3	1	1	1	1	1	1	1	1	1	2	2
10449	2	2	2	2	2	2	3	2	2	3	3	2	3	3	3	3	2	2
10496	1	1	2	1	1	1	3	1	4	3	1	4	1	1	1	1	2	2
10522	2	2	3	4	4	2	4	3	3	4	2	2	3	2	4	4	1	2
10533	2	1	1	4	3	2	2	2	2	1	1	1	2	1	2	3	2	2
10537	2	2	2	4	4	2	3	2	3	2	2	2	2	3	2	4	2	2
10541	1	2	2	4	4	1	4	3	4	4	2	2	1	2	3	2	2	2
10543	2	2	2	3	3	2	3	3	2	3	1	1	2	2	3	3	2	2
10554	1	2	2	2	4	1	4	2	2	4	1	1	1	1	2	2	2	2
10573	1	1	1	2	3	1	4	2	3	2	2	2	2	2	3	2	2	2
10592	1	1	1	4	4	2	1	3	4	4	4	1	2	1	2	1	2	2
10596	2	2	2	2	2.16991719275256	1.92977869171153	3	2	3	2	2	2	1	1	2	2	2	2
10640	1	1	1	1	1	1	1	1	2	1	1	1	1	1	1	1	2	2
10658	1	4	4	3	2	1	2	1	4	4	4	3	2	1	2	2	2	2
10693	2	1	1	2	4	3	4	4	3	2	2	2	2	1	3	2	2	2
10758	1	3	2	2	2	1	3	3	2	4	4	2	1	1	3	2	2	2
10786	1	2	2	3	2	1	2	1	3	3	2	1	2	2	2	1	2	2
10858	2	2	2	1	2	2	2	2	4	1	2	1	1.34741639672569	1	1	1	2	2
10862	1	3	2	2	2	2	3	2	3	2	2	2	1	1	2	2	2	2
10888	4	3	1	2	2	4	2	2	3	2	2	1	3	2	3	2	1	2
10892	2	2	2	2	4	2	4	3	4	2	2	2	3	2	4	3	2	2
10960	1	1	1	2	2	1	3	2	3	2	2	1	1	1	2	2	2	2
11019	1	1	1	2	2	1	1	1	1	1	2	1	1	1	1	1	2	2
11026	4	3	1	1	1	1	3	1	1	1	1	1	1	1	1	1	2	2
11062	3	3	1	3	2	2	2	2	3	4	2	1	2	2	2	2	2	2
11116	3	2	2	4	4	2	3	3	4	1	2	2	2	2	1	4	2	2
11120	4	4	4	1	2	4	2	1	4	1	1	1	1.64179055189274	1	3	2	2	2
11178	1	2	1	2	3	2	3	2	3	2	2	1	1	1	3	2	2	2
11183	1	2	2	3	3	2	2	2	4	3	2	1	2	2	1	2	2	2
11280	2	2	1	2	1	1	2	1	2	1	1	1	1	1	1	2	2	2
11359	1	1	1	4	4	1	3	2	3	2	2	1	1	1	3	2	2	2
11363	1	1	1	1	2	1	3	1	3	1	1	1	2	1	2	1	2	2
11392	4	4	4	2	4	4	2	2	3	2	3	3	3	3	2	2	2	2
11410	4	2	1	2	1	4	3	2	2	3	1	1	1	1	2	2	2	2
11462	4	2	4	1	1	1	4	2	3	1	4	2	2	1	4	2	2	2
11477	2	1	1	2	3	4	2	1	3	1	2	1	1	1	4	2	2	2
11478	1	2	2	2	3	1	2	2	4	2	1	1	1	1	1	1	2	2
11512	4	4	4	1	1.9672282895233	4	4	3.23456811429887	2	2	2	2	4	2.78774117712933	2	4	2	2
11516	1	1	1	2	4	1	2	2	3	3	1	1	2	1	2	2	2	2
11528	1	2	2	3	2	1	3	2	2	3	2	1	2	2	2	2	2	2
11547	1	2	2	2	3	2	3	2	3	2	2	2	2	2	2	2	2	2
11569	3	2	2	3	3	2	2.49076113070453	2	2	1	2	1	1	2	1	2	2	2
11576	1	2	2	3	2	2	3	2	4	3	2	4	2	3	4	3	2	2
11613	1	1	1	3	3	2	2	1	2	2	1	1	2	1	2	2	2	2
11616	2	2	1	4	4	4	2	4	4	2	2	3	2	2	4	4	1	2
11619	1	2	2	2	2	2	2	1	4	1	1	1	1.44105392962684	1.29358477262012	2	1	2	2
11629	4	4	4	4	4	4	4	4	4	4	4	2	3	1	4	3	2	2
11645	2	1	1	1	2	2	3	1	3	1	1	1	1	1	1	1	2	2
11695	1	1	1	4	3	1	4	4	1	4	2	2	2	1	3	2	1	2
11712	2	1	1	4	3	3	3	3	2	2	2	1	2	2	2	2	2	2
11715	4	1	1	2.32660879660103	3	2	1	1	3	3	3	1	1	1	2	2	2	2
11760	2	3	1	4	1	3	4	4	4	1	3	1	1	1	4	3	2	2
11804	1	2	2	3	3	2	3	2	3	2	2	2	2	2	2	2	2	2
11818	1	3	2	3	2	1	3	3	3	3	3	1	2	1	3	2	2	2
11835	3	2	1	4	4	2	4	4	4	3	3	3	2	2	4	1	2	2
11852	1	2	4	2	1	1	2	1	4	2	3	1	1	1	3	1	2	2
11859	1	2	2	3	2	1	4	2	4	2	2	2	2	2	3	2	2	2
11864	1	1	1	2	2	1	1	1	4	1	1	3	1	1	1	1	2	2
11919	1	1	1	3	2	1	2	1	3	1	1	1	1	2	2	1	2	2
11953	2	3	2	3	1	2	4	2	4	4	3	3	4	3	3	2	2	2
11955	1	1	1	2	2	2	3	2	2	2	2	1	1	1	2	2	2	2
12006	1	2	2	1	1	1	1	1	1	1	1	1	1	1	2	2	2	2
12052	2	4	3	3	3	4	3	2	3	4	2	2	2	2	2	3	2	2
12054	1	1	1	2	4	2	2	2	4	2	2	1	2	2	2	2	2	2
12075	1	1	1	2	3	1	4	3	4	2	3	2	1	1	2	2	2	2
12081	1	1	1	1	1	1	2	1	4	1	1	1	1	1	1	1	2	2
12117	1	2	1	2	3	1	4	4	4	1	2	1	2	2	2	2	2	2
12147	2	2	2	2	2	2	2	2	3	1	1	1	1	1	2	2	2	2
12160	3	4	2.91169589040425	4	2	4	4	4	4	4	2	1	1	2	4	4	1	2
12161	4	3	1	1.46140467366113	1	1	2	1.47473438808178	4	1	1	1	1.55948892061006	1.15720865630645	2	1	2	2
12206	2	2	2	2	1	1	2	1	1	2	2	1	1	1	1	1	2	2
12220	3	2	2	2	2	2	3	2	4	4	2	2	1	1	2	2	1	2
12253	3	2	2	4	4	4	4	4	2	1	1	1	4	2	4	2	2	2
12264	1	1	1	2	1	1	3	2	2	2	2	1	2	2	2	1	2	2
12283	1	1	1	2	2	4	4	4	2	2	2	1	2	2	4	2	2	2
12314	2	4	4	3	1	3	4	3	3	3	3	3	2	2	4	2	2	2
12346	2	3	1	2	2	1	3	2	3	1	1	1	1	1	3	2	2	2
12349	1	2	2	2	1	1	2	1	3	1.77923906386554	1	3	1	1	1	2	2	2
12497	4	4	4	3	3	4	3	3	3	3	1	1	3	1	3	2	2	2
12500	2	2	2	3	3	3	3	2	3	2	2	2	2	2	2	2	2	2
12553	3	1	1	2	3	2	2	2	2	2	2	1	1	1	2	2	2	2
12583	1	1	1	1	1	1	2	2	2	1	4	1	3	3	1	1	2	2
12693	1	1	1	2	2	2	3	1	1	1	1	1	2	2	1	2	2	2
12696	1	1	1	1	2	2	4	3	4	3	3	1	1	1	2	3	2	2
12712	4	2	2	3	3	3	3	3	2	3	2	2	2	2	2	2	2	2
12746	4	2	2	2	2	1	4	4	4	4	2	2	2	2	2	4	1	2
12797	1	2	2	1	2	4	4	4	4	1	1	2	3	1	3	1	2	2
12798	2	1	1	1	1	2	3	3	2.54541471987334	2	3	1	1.59294649336426	1.41657827062175	1	3	2	2
12864	3	3	1	2	2	2	3	3	3	3	2	3	1	1	2	2	2	2
12953	1	1	1	3	3	3	2	3	3	1	2	2	2	3	2	1	2	2
13050	1	1	3	2	1	2	1	1	3	1	1	1	1	1	1	1	2	2
13081	1	2	2	3	2	2	3	3	4	3	3	3	2	2	2	3	2	2
13104	4	2	2	2	4	4	2	1	4	2	2	1	4	4	2	2	2	2
13105	2	1	2	2	2	4	2	2	1	1	1	1	1	1	1	2	2	2
13108	3	3	3	3	4	4	2	2	4	4	2	4	3	2	2	3	2	2
13114	1	1	2	2	2	1	4	2	3	1	1	1	2	1	4	2	2	2
13118	2	2	2	3	3	3	4	4	3	3	3	2	2	2	3	3	1	2
13129	2	1	1	2	2	3	3	4	2	2	2	2	2	2	4	2	2	2
13135	4	2	2	4	4	4	4	2	4	1	2	1	1	1	4	2	1	2
13187	3	2	2	1	2	3	2	2	2.68908463441949	2	2	1	1	1	2	2	2	2
13190	1	2	1	3	2	1	3	3	2	2	2	1	2	2	2	2	2	2
13276	3	2	2	3	3	3	2	2	3	2	2	1	2	2	2	2	2	2
13284	4	1	1	1	2	3	3	3	3	2	2	1	1	1	2.01105671848036	2	1	2
13328	1	1	1	1	2	1	2	2	1	1	1	1	1	1	1	1	2	2
13395	1	2	2	2	2	1	2	1	3	1	2	1	1	1	1	2	2	2
13407	1	2	2	3	3	2	3	3	2	1	1	1	4	2	2	1	2	2
13524	1	1	1	2	2	3	2	2	4	4	1	1	2	1	1	2	1	2
13528	3	2	2	2	2	2	2	2	2	3	2	1	2	1	2	2	2	2
13551	2	3	2	3	2	2	4	3	2	2	3	2	2	3	4	2	2	2
13651	1	2	2	2	2	3	3	2	3	3	2	2	3	2	2	1	2	2
13656	2	2	2	2	2	2	2	3	3	2	2	2	2	2	2	2	2	2
13668	1	3	1	2	3	3	3	2	1	2	1	1	1	1	2	1	2	2
13753	1	1	2	4	3	1	4	2	2	2	2	1.59284796523568	2	2	2.55359426012344	2.32101656394805	2	2
13778	2	1	1	2	3	1	3	1	4	2	2	1	2	1	1	1	2	2
13872	4	3	1	2	3	1	1	1	4	1	4	2	1	1	1	3	2	2
13880	1	1	1	1	1	1	3	3	4	2	2	2	2	2	1	1	2	2
13903	4	1	1	3	3	1	3	1	3	1	2	1	3	1	2	2	2	2
13934	1	2	1	1	1	1	2	2	2	1	1	1	1	1	1	1	2	2
13969	3	1	1	1	3	3	3	1	4	1	1	1	1	1	3	2	2	2
13974	2	1	2	4	3	2	4	2	2	2	1	2	2	2	4	2	2	2
13990	1	2	2	2	2	1	3	2	3	1	2	1	2	1	1	1	2	2
13996	1	2	1	2	1	1	4	4	4	4	1	3	2	1	4	4	2	2
14013	2	2	2	3	3	3	2	2	2	2	3	2	1	1	2	3	2	2
14335	1	2	1	1	1	4	2	1	4	2	1	2	2	2	1	1	2	2
14342	2	2	2	2	2	3	3	2	2	1	1	1	2	1	2	1	2	2
14403	2	1	2	2	2	2	2	2	2	1	1	2	1	1	2	2	2	2
14413	3	1	1	1	2	4	4	4	2	3	2	3	4	3	4	4	1	2
14436	1	3	1	2	2	2	4	4	2	3	2	1	2	1	2	2	2	2
14445	1	3	2	1	2	1	3	3	4	3	2	2	2	2	2	1	2	2
14474	3	2	2	2	2	2	3	2	3	1.95296412270324	1	2	2	2	2	1.99962282041655	2	2
14547	4	1	1	2	1	4	4	2	1	1	1	1	4	2	3	2	2	2
14600	1	1	1	1	1	1	2	1	3	1	1	1	1	1	1	2	2	2
14654	2	2	2	3	3	3	3	3	3	2	2	2	2	2	2	2	2	2
14694	1	2	2	4	2	1	4	2	4	1	1	1	1	1	2	4	2	2
14723	4	4	2	2	2.33170927870733	3	4	4	3	3.41691043294116	3	3	4	4	4	4	2	2
