20501	2	3	2	3	3	2	3	2	2	3	1
20501	1	3	2	4	3	3	3	1	2	2	1
20501	3	3	2	3	3	3	2	2	2	2	1
20501	2	2	2	4	99	3	3	1	99	2	1
20501	3	2	2	3	2	4	2	2	3	1	1
20501	1	1	1	4	4	3	2	1	1	2	1
20501	4	4	4	1	2	2	4	4	3	3	1
20501	2	3	2	4	3	4	2	1	2	1	1
20501	4	2	4	3	4	2	1	2	1	3	1
20501	2	3	2	3	3	3	2	2	2	2	1
20501	1	3	2	4	4	4	1	1	1	1	1
20501	3	3	3	4	4	4	1	1	1	1	1
20501	1	1	1	3	2	3	1	2	3	2	1
20501	2	2	1	3	4	3	1	2	1	2	1
20501	4	4	4	3	2	3	3	2	3	2	1
20501	2	1	1	3	3	3	1	2	2	2	1
20501	1	1	1	4	4	4	1	1	1	1	1
20501	4	4	4	4	4	4	4	1	1	1	1
20501	1	3	2	2	3	3	2	3	2	2	1
20501	3	3	3	3	3	3	2	2	2	2	1
20501	2	3	2	4	4	4	1	1	1	1	1
20501	3	3	2	4	3	4	2	1	2	1	1
20502	2	2	2	3	99	3	99	2	99	2	1
20502	4	3	3	3	3	3	2	2	2	2	1
20502	3	3	3	3	99	2	2	2	99	3	1
20502	1	1	1	3	4	3	1	2	1	2	1
20502	3	4	3	3	2	1	3	2	3	4	1
20502	2	3	2	4	3	3	2	1	2	2	1
20502	1	3	1	4	4	3	1	1	1	2	1
20502	1	1	1	4	2	1	3	1	3	4	1
20502	3	3	4	3	2	2	3	2	3	3	1
20502	2	2	2	3	3	3	2	2	2	2	1
20502	4	3	3	99	2	99	4	99	3	99	1
20502	1	1	1	3	3	3	2	2	2	2	1
20502	3	3	3	3	3	3	2	2	2	2	1
20502	3	4	4	2	1	1	2	3	4	4	1
20502	4	4	4	2	2	1	2	3	3	4	1
20502	1	1	2	4	4	3	99	1	1	2	1
20502	4	4	3	3	3	3	3	2	2	2	1
20502	1	2	2	4	4	4	1	1	1	1	1
20502	4	4	4	1	2	1	3	4	3	4	1
20502	3	3	3	3	2	2	4	2	3	3	1
20502	4	3	3	3	2	3	4	2	3	2	1
20502	2	3	2	3	3	3	1	2	2	2	1
20502	4	4	3	3	3	2	2	2	2	3	1
20502	2	3	2	4	3	3	1	1	2	2	1
20502	2	3	2	3	3	2	2	2	2	3	1
30501	4	4	4	4	4	4	1	1	1	1	1
30501	3	3	2	4	3	4	1	1	2	1	1
30501	1	2	2	3	4	3	2	2	1	2	1
30501	3	4	3	4	4	4	1	1	1	1	1
30501	3	3	3	3	3	99	2	2	2	99	1
30501	4	4	4	4	3	4	1	1	2	1	1
30501	4	3	4	3	3	3	2	2	2	2	1
30501	3	4	3	4	4	4	1	1	1	1	1
30501	3	3	3	3	3	4	1	2	2	1	1
30501	3	2	3	3	3	3	1	2	2	2	1
30501	4	4	4	3	2	3	2	2	3	2	1
30501	3	2	2	3	3	3	1	2	2	2	1
30501	3	3	3	4	3	3	1	1	2	2	1
30501	4	3	4	4	4	4	1	1	1	1	1
30501	4	4	4	4	2	3	3	1	3	2	1
30501	4	4	4	4	3	3	2	1	2	2	1
30501	2	4	3	4	3	4	2	1	2	1	1
30501	2	3	3	3	3	3	2	2	2	2	1
30501	3	3	3	4	3	4	2	1	2	1	1
30501	2	3	3	3	1	3	1	2	4	2	1
30501	2	3	2	4	4	4	2	1	1	1	1
30501	3	3	4	4	4	4	2	1	1	1	1
30501	4	3	4	4	3	4	1	1	2	1	1
30501	3	3	4	3	1	2	2	2	4	3	1
30501	3	4	3	3	3	3	1	2	2	2	1
30501	3	3	3	3	3	3	2	2	2	2	1
30501	2	3	2	3	3	3	2	2	2	2	1
30501	3	3	3	3	3	3	2	2	2	2	1
30502	4	4	4	4	3	3	2	1	2	2	1
30502	1	1	1	4	3	4	2	1	2	1	1
30502	1	1	1	4	4	4	1	1	1	1	1
30502	1	1	1	3	3	3	2	2	2	2	1
30502	1	1	1	4	3	4	2	1	2	1	1
30502	1	2	2	3	2	3	3	2	3	2	1
30502	1	2	1	3	2	3	3	2	3	2	1
30502	1	1	1	4	4	4	1	1	1	1	1
30502	1	2	2	4	4	4	1	1	1	1	1
30502	3	4	2	3	2	1	4	2	3	4	1
30502	3	3	3	4	4	3	1	1	1	2	1
30502	3	3	2	3	3	3	1	2	2	2	1
30502	2	2	2	4	3	3	1	1	2	2	1
30502	2	1	1	4	2	4	2	1	3	1	1
30502	1	1	1	4	4	4	1	1	1	1	1
30502	3	3	3	99	99	99	3	99	99	99	1
30502	3	2	2	3	3	4	1	2	2	1	1
30502	3	3	2	3	3	3	2	2	2	2	1
30502	3	2	2	3	3	3	2	2	2	2	1
30502	2	2	3	3	3	3	2	2	2	2	1
30502	1	2	3	3	3	3	2	2	2	2	1
30502	2	2	1	3	3	3	2	2	2	2	1
30502	2	2	2	4	3	3	2	1	2	2	1
30503	1	4	1	3	3	4	2	2	2	1	1
30503	3	3	3	3	3	3	3	2	2	2	1
30503	3	4	3	3	3	3	2	2	2	2	1
30503	2	4	2	3	1	3	2	2	4	2	1
30503	2	2	3	4	3	4	2	1	2	1	1
30503	2	2	3	3	3	3	99	2	2	2	1
30503	1	1	1	3	4	2	3	2	1	3	1
30503	4	3	4	3	3	3	99	2	2	2	1
30503	3	3	3	4	1	99	3	1	4	99	1
30503	3	2	2	3	2	3	3	2	3	2	1
30503	3	3	3	3	2	3	3	2	3	2	1
30503	4	4	3	3	3	3	2	2	2	2	1
30503	2	2	2	2	2	2	3	3	3	3	1
30503	3	2	3	3	3	3	2	2	2	2	1
30503	2	2	3	3	2	3	2	2	3	2	1
30503	3	3	2	3	3	2	2	2	2	3	1
30503	3	3	99	3	3	2	3	2	2	3	1
30503	2	1	1	4	3	4	1	1	2	1	1
30503	2	2	3	4	3	4	1	1	2	1	1
30503	3	3	2	4	4	4	1	1	1	1	1
30503	4	4	3	3	4	3	2	2	1	2	1
30503	4	4	2	3	3	2	3	2	2	3	1
30503	3	2	3	3	3	3	1	2	2	2	1
30503	3	3	2	3	2	3	2	2	3	2	1
30504	2	3	3	3	3	3	2	2	2	2	1
30504	3	4	3	3	3	99	2	2	2	99	1
30504	3	2	2	3	3	2	3	2	2	3	1
30504	3	3	2	4	3	4	1	1	2	1	1
30504	4	3	4	3	4	3	2	2	1	2	1
30504	1	1	1	1	3	3	1	4	2	2	1
30504	4	4	4	2	1	1	3	3	4	4	1
30504	2	2	3	3	3	2	2	2	2	3	1
30504	1	3	2	2	3	1	3	3	2	4	1
30504	4	3	4	4	3	4	3	1	2	1	1
30506	4	3	4	3	2	3	2	2	3	2	1
30506	2	3	3	3	3	3	1	2	2	2	1
30506	4	3	2	3	3	2	2	2	2	3	1
30506	1	2	1	4	3	3	1	1	2	2	1
30506	2	3	3	4	4	4	1	1	1	1	1
30506	1	2	1	3	3	3	99	2	2	2	1
30506	1	3	99	4	4	3	1	1	1	2	1
30506	2	2	1	4	4	4	1	1	1	1	1
30506	2	4	4	4	1	3	2	1	4	2	1
30506	3	2	2	4	3	4	1	1	2	1	1
30506	2	2	2	3	3	3	1	2	2	2	1
30506	2	2	2	4	3	3	1	1	2	2	1
30506	2	3	2	4	3	4	1	1	2	1	1
30506	2	3	2	4	4	4	1	1	1	1	1
30506	1	1	1	4	4	4	1	1	1	1	1
30506	2	3	2	4	3	4	1	1	2	1	1
30506	2	2	2	4	4	4	2	1	1	1	1
30506	2	2	2	3	3	3	2	2	2	2	1
30508	3	3	2	2	1	1	4	3	4	4	1
30508	3	3	2	3	3	3	2	2	2	2	1
30508	1	2	2	3	2	3	2	2	3	2	1
30508	3	3	3	3	4	3	1	2	1	2	1
30508	1	1	2	3	1	1	4	2	4	4	1
30508	3	4	2	3	3	99	99	2	2	99	1
30508	3	3	3	3	3	3	2	2	2	2	1
30508	2	2	2	3	3	3	1	2	2	2	1
30508	2	1	1	3	2	3	2	2	3	2	1
30508	3	2	2	3	2	2	3	2	3	3	1
30508	2	2	2	3	3	3	2	2	2	2	1
30508	2	2	2	4	4	4	1	1	1	1	1
30508	2	2	1	4	99	4	1	1	99	1	1
30508	3	3	3	3	3	2	3	2	2	3	1
30508	3	2	3	3	2	3	2	2	3	2	1
30508	3	3	3	3	3	3	2	2	2	2	1
30508	1	3	1	3	3	3	2	2	2	2	1
30508	3	3	3	3	4	2	2	2	1	3	1
30510	2	1	1	3	3	3	2	2	2	2	1
30510	3	4	3	3	3	3	2	2	2	2	1
30510	2	1	1	3	3	4	2	2	2	1	1
30510	1	2	1	4	3	3	1	1	2	2	1
30510	1	1	1	4	4	4	1	1	1	1	1
30510	1	2	2	4	4	4	2	1	1	1	1
30510	2	1	99	3	3	2	2	2	2	3	1
30510	4	4	3	3	1	3	99	2	4	2	1
30510	2	3	2	3	3	3	3	2	2	2	1
30510	2	4	2	4	4	4	1	1	1	1	1
30510	2	2	2	3	4	4	1	2	1	1	1
30510	3	3	2	3	3	3	2	2	2	2	1
30510	2	3	2	3	2	3	2	2	3	2	1
30510	3	3	3	3	3	4	1	2	2	1	1
60501	1	2	2	2	2	3	3	3	3	2	1
60501	1	1	1	4	4	4	1	1	1	1	1
60501	2	1	3	4	4	4	1	1	1	1	1
60501	2	3	2	3	3	3	2	2	2	2	1
60501	3	3	2	3	4	2	2	2	1	3	1
60501	1	1	1	4	4	99	1	1	1	99	1
60501	2	3	2	3	3	3	1	2	2	2	1
60501	2	2	1	4	4	4	1	1	1	1	1
60501	1	3	2	4	4	4	1	1	1	1	1
60501	3	3	3	3	3	3	2	2	2	2	1
60501	2	3	2	3	3	3	2	2	2	2	1
60501	3	2	2	3	3	3	2	2	2	2	1
60501	2	2	1	3	2	99	2	2	3	99	1
60501	3	2	3	3	3	3	2	2	2	2	1
60501	3	2	3	4	2	3	99	1	3	2	1
60501	3	4	3	3	3	3	2	2	2	2	1
60501	2	3	1	3	3	3	2	2	2	2	1
70501	1	2	1	4	4	3	2	1	1	2	1
70501	2	3	2	4	3	4	1	1	2	1	1
70501	3	2	3	3	3	3	2	2	2	2	1
70501	3	3	2	4	4	3	1	1	1	2	1
70501	3	3	4	3	2	1	2	2	3	4	1
70501	2	1	2	3	3	3	1	2	2	2	1
70501	1	1	2	4	4	4	1	1	1	1	1
70501	2	3	2	4	3	4	1	1	2	1	1
70501	2	1	3	99	2	1	3	99	3	4	1
70501	2	3	3	3	3	4	1	2	2	1	1
70501	2	3	2	3	2	3	2	2	3	2	1
70501	2	2	1	3	2	3	4	2	3	2	1
70501	2	2	2	4	4	4	1	1	1	1	1
70501	3	3	3	3	3	3	1	2	2	2	1
70501	1	2	1	4	3	4	1	1	2	1	1
70501	2	3	3	4	4	4	1	1	1	1	1
80501	3	3	3	3	3	4	1	2	2	1	1
80501	3	3	3	3	3	3	2	2	2	2	1
80501	3	3	2	2	3	3	2	3	2	2	1
80501	4	4	4	3	2	1	3	2	3	4	1
80501	2	2	2	3	3	3	2	2	2	2	1
80501	3	3	3	3	4	3	1	2	1	2	1
80501	3	3	3	3	3	3	2	2	2	2	1
80501	3	3	3	4	3	3	1	1	2	2	1
80501	2	3	2	3	3	2	2	2	2	3	1
80501	2	2	2	3	3	3	2	2	2	2	1
80501	3	2	2	3	2	4	2	2	3	1	1
80501	3	3	3	3	99	3	2	2	99	2	1
80501	1	2	1	4	4	4	2	1	1	1	1
80501	4	2	4	3	3	99	99	2	2	99	1
80501	1	1	1	4	3	3	2	1	2	2	1
80501	2	1	2	3	3	3	3	2	2	2	1
80501	3	4	2	99	2	2	3	99	3	3	1
80501	3	3	2	3	3	3	2	2	2	2	1
80501	4	3	4	3	3	3	1	2	2	2	1
80501	3	4	3	3	3	3	2	2	2	2	1
80501	3	3	3	4	3	3	2	1	2	2	1
80501	3	3	4	3	3	3	2	2	2	2	1
80501	1	2	1	4	99	4	1	1	99	1	1
80501	3	3	3	3	3	3	2	2	2	2	1
80501	4	4	4	3	2	2	4	2	3	3	1
80501	4	3	4	3	2	3	3	2	3	2	1
80502	1	2	1	3	2	3	2	2	3	2	1
80502	3	3	4	3	3	3	2	2	2	2	1
80502	2	2	2	4	4	3	1	1	1	2	1
80502	3	1	3	3	3	3	2	2	2	2	1
80502	1	2	3	4	3	3	2	1	2	2	1
80502	1	3	1	3	3	2	2	2	2	3	1
80502	3	3	4	3	3	3	2	2	2	2	1
80502	4	3	4	3	2	3	2	2	3	2	1
80502	3	3	3	3	3	3	2	2	2	2	1
80502	3	3	3	3	3	3	2	2	2	2	1
80502	3	3	3	4	4	4	1	1	1	1	1
80502	2	4	1	3	3	3	1	2	2	2	1
80502	4	4	3	2	2	2	3	3	3	3	1
80502	3	4	3	3	3	3	2	2	2	2	1
80502	3	3	2	3	3	3	2	2	2	2	1
90502	1	1	1	4	4	4	1	1	1	1	1
90502	3	3	3	3	3	3	1	2	2	2	1
90502	1	2	2	3	99	3	3	2	99	2	1
90502	2	3	2	3	3	3	2	2	2	2	1
90502	3	3	3	3	3	3	2	2	2	2	1
90502	1	4	1	4	4	3	4	1	1	2	1
90502	3	3	3	4	4	4	2	1	1	1	1
90502	2	3	2	3	99	3	2	2	99	2	1
90502	2	2	2	3	2	3	2	2	3	2	1
90502	2	2	2	3	3	2	2	2	2	3	1
90502	4	4	4	3	2	4	1	2	3	1	1
90502	1	1	1	4	3	4	1	1	2	1	1
90502	2	2	2	3	3	3	2	2	2	2	1
90502	3	1	2	2	3	3	2	3	2	2	1
90502	3	2	3	4	3	3	2	1	2	2	1
90502	2	1	99	3	3	4	1	2	2	1	1
90502	2	2	2	3	3	2	2	2	2	3	1
100501	2	2	2	3	3	2	2	2	2	3	1
100501	1	2	1	3	3	3	2	2	2	2	1
100501	1	2	1	3	3	3	2	2	2	2	1
100501	2	2	2	3	3	4	1	2	2	1	1
100501	2	2	2	4	4	4	1	1	1	1	1
100501	2	3	2	4	3	4	1	1	2	1	1
100501	1	3	2	4	3	4	1	1	2	1	1
100501	3	4	4	3	3	3	2	2	2	2	1
100501	4	4	4	3	3	3	2	2	2	2	1
100501	2	2	2	4	4	4	2	1	1	1	1
100501	4	3	4	3	3	3	2	2	2	2	1
100501	3	1	3	4	3	4	1	1	2	1	1
100501	1	2	2	3	3	3	1	2	2	2	1
100501	2	3	2	3	2	4	1	2	3	1	1
100501	3	2	2	3	3	3	2	2	2	2	1
100501	1	2	1	4	4	4	1	1	1	1	1
100501	1	1	1	3	4	3	1	2	1	2	1
100501	2	2	1	3	3	99	3	2	2	99	1
100501	1	1	2	3	3	2	2	2	2	3	1
100501	3	4	4	3	3	2	2	2	2	3	1
100501	2	2	3	3	3	3	2	2	2	2	1
110501	1	1	1	3	3	3	1	2	2	2	1
110501	1	2	1	4	4	4	1	1	1	1	1
110501	1	2	2	4	3	3	2	1	2	2	1
110501	1	2	2	4	4	99	2	1	1	99	1
110501	1	1	1	4	4	4	1	1	1	1	1
110501	2	2	2	4	4	3	1	1	1	2	1
110501	2	4	2	4	4	4	1	1	1	1	1
110501	4	3	4	3	2	3	2	2	3	2	1
110501	2	2	2	4	3	3	3	1	2	2	1
110501	3	3	2	3	3	2	2	2	2	3	1
110501	1	1	2	4	4	4	2	1	1	1	1
110501	1	3	2	4	3	4	1	1	2	1	1
110501	3	4	3	3	3	2	3	2	2	3	1
120501	4	4	4	3	1	2	3	2	4	3	1
120501	4	4	4	3	3	3	2	2	2	2	1
120501	2	1	2	4	4	4	1	1	1	1	1
120501	2	3	2	4	4	4	1	1	1	1	1
120501	2	3	2	3	3	3	2	2	2	2	1
120501	1	2	1	4	4	4	1	1	1	1	1
120501	2	2	2	3	3	3	2	2	2	2	1
120501	3	4	99	3	3	99	99	2	2	99	1
120501	1	4	1	4	3	3	2	1	2	2	1
120501	2	2	4	3	2	4	3	2	3	1	1
120501	2	2	2	4	3	3	2	1	2	2	1
120501	1	3	1	3	3	3	2	2	2	2	1
120501	3	3	99	4	4	3	2	1	1	2	1
120501	4	4	4	3	1	1	4	2	4	4	1
120501	1	3	2	4	3	3	1	1	2	2	1
120501	1	2	1	3	3	3	2	2	2	2	1
120501	1	3	2	4	3	4	2	1	2	1	1
120501	3	3	99	4	3	3	1	1	2	2	1
120501	3	3	2	3	99	99	99	2	99	99	1
120501	2	2	3	3	2	3	1	2	3	2	1
120501	2	3	1	3	2	3	2	2	3	2	1
120501	2	2	2	4	3	4	3	1	2	1	1
120501	2	3	2	3	3	3	2	2	2	2	1
120501	1	1	2	4	3	3	2	1	2	2	1
120502	4	4	4	1	1	1	4	4	4	4	1
120502	4	4	4	2	1	1	3	3	4	4	1
120502	3	4	4	1	1	1	4	4	4	4	1
120502	2	1	2	3	2	3	2	2	3	2	1
120502	1	3	2	3	3	3	3	2	2	2	1
120502	2	3	3	4	4	3	2	1	1	2	1
120502	3	3	3	1	2	1	4	4	3	4	1
120502	3	4	3	3	3	4	2	2	2	1	1
120502	4	4	4	1	1	1	4	4	4	4	1
120502	3	2	4	1	1	1	4	4	4	4	1
120502	3	3	3	2	3	2	1	3	2	3	1
120502	1	2	1	3	1	2	2	2	4	3	1
120502	1	2	2	4	3	3	1	1	2	2	1
120502	2	2	2	3	3	3	2	2	2	2	1
120502	1	2	1	3	3	3	2	2	2	2	1
120502	2	3	99	3	3	3	2	2	2	2	1
120502	4	4	4	1	1	1	4	4	4	4	1
120502	1	2	2	1	4	1	1	4	1	4	1
120502	1	4	4	4	2	4	4	1	3	1	1
120502	3	3	4	1	2	1	4	4	3	4	1
120502	3	2	3	3	3	3	2	2	2	2	1
120502	2	1	2	3	2	3	1	2	3	2	1
120502	3	4	3	3	2	2	3	2	3	3	1
120502	3	4	4	2	1	3	4	3	4	2	1
120502	2	2	2	4	2	4	2	1	3	1	1
120502	1	1	1	4	4	4	1	1	1	1	1
120504	4	4	4	4	3	99	99	1	2	99	1
120504	3	3	3	4	3	4	1	1	2	1	1
120504	4	3	4	4	3	3	1	1	2	2	1
120504	1	1	1	3	3	3	2	2	2	2	1
120504	4	4	4	1	1	1	4	4	4	4	1
120504	4	4	4	1	1	1	4	4	4	4	1
120504	3	3	3	3	2	2	3	2	3	3	1
120504	1	4	1	3	4	4	1	2	1	1	1
120504	1	2	1	4	3	3	2	1	2	2	1
120504	1	2	1	4	3	4	2	1	2	1	1
120504	3	1	1	1	2	2	3	4	3	3	1
120504	3	3	99	4	3	4	2	1	2	1	1
120504	2	2	2	3	2	3	2	2	3	2	1
120504	3	3	2	4	4	4	1	1	1	1	1
120504	2	3	3	4	3	4	2	1	2	1	1
120504	2	3	2	4	4	4	1	1	1	1	1
120504	3	3	99	3	99	3	99	2	99	2	1
120504	3	3	3	4	2	3	2	1	3	2	1
120504	4	4	4	4	3	4	2	1	2	1	1
120504	2	3	2	3	3	2	2	2	2	3	1
120504	3	3	3	3	3	3	2	2	2	2	1
150501	2	2	3	99	3	4	1	99	2	1	1
150501	3	3	3	4	4	4	1	1	1	1	1
150501	3	2	3	4	4	3	2	1	1	2	1
150501	1	2	1	4	4	4	1	1	1	1	1
150501	3	4	4	3	3	3	2	2	2	2	1
150501	3	2	3	3	3	4	2	2	2	1	1
150501	3	3	3	3	4	3	1	2	1	2	1
150501	3	2	3	3	3	3	2	2	2	2	1
150501	1	1	1	3	1	1	4	2	4	4	1
150501	4	4	4	3	3	4	2	2	2	1	1
150501	3	3	3	3	3	3	2	2	2	2	1
150501	3	3	3	4	3	3	2	1	2	2	1
150501	1	2	2	4	3	4	2	1	2	1	1
150501	4	3	4	2	1	2	4	3	4	3	1
150501	4	3	4	3	3	3	2	2	2	2	1
150501	2	3	2	4	3	4	1	1	2	1	1
160501	2	3	3	3	3	3	2	2	2	2	1
160501	2	3	2	3	4	4	2	2	1	1	1
160501	1	1	2	4	3	4	1	1	2	1	1
160501	1	1	1	4	3	3	1	1	2	2	1
160501	3	2	2	3	4	3	2	2	1	2	1
160501	1	2	1	3	3	2	2	2	2	3	1
160501	1	1	1	4	4	4	1	1	1	1	1
160501	4	2	2	3	3	4	1	2	2	1	1
160501	1	2	1	3	3	3	1	2	2	2	1
160501	2	2	1	4	4	4	1	1	1	1	1
160501	4	2	3	2	99	1	3	3	99	4	1
160501	3	3	3	3	99	4	99	2	99	1	1
160501	1	1	1	4	4	4	1	1	1	1	1
160501	4	3	3	2	1	3	4	3	4	2	1
160501	3	3	2	4	3	4	1	1	2	1	1
160501	2	3	3	3	3	4	2	2	2	1	1
160501	3	2	3	3	1	2	3	2	4	3	1
160501	3	2	3	2	1	1	4	3	4	4	1
160501	2	3	2	3	3	4	1	2	2	1	1
160501	2	1	2	3	99	4	2	2	99	1	1
160501	4	4	4	3	99	3	2	2	99	2	1
160502	4	3	3	3	3	2	2	2	2	3	1
160502	4	4	4	3	2	3	3	2	3	2	1
160502	4	3	4	3	3	2	2	2	2	3	1
160502	3	3	3	4	3	3	2	1	2	2	1
160502	4	3	4	3	3	3	2	2	2	2	1
160502	2	2	2	3	2	2	3	2	3	3	1
160502	1	2	1	4	3	4	2	1	2	1	1
160502	2	3	2	4	3	4	2	1	2	1	1
160502	3	2	3	3	3	3	2	2	2	2	1
160502	2	3	2	4	4	3	1	1	1	2	1
160502	2	3	3	3	3	99	2	2	2	99	1
160502	4	4	4	1	3	1	4	4	2	4	1
160502	4	3	4	3	2	3	3	2	3	2	1
160502	3	3	3	3	2	2	3	2	3	3	1
160502	3	2	2	4	3	4	1	1	2	1	1
160502	4	3	3	3	3	4	1	2	2	1	1
160502	3	2	2	99	99	3	99	99	99	2	1
160502	4	4	4	3	3	3	2	2	2	2	1
160502	3	3	3	3	3	99	2	2	2	99	1
160502	2	2	2	3	3	3	2	2	2	2	1
230505	2	1	1	4	4	4	1	1	1	1	1
230505	1	1	1	4	4	3	2	1	1	2	1
230505	2	1	2	3	99	3	2	2	99	2	1
230505	3	3	2	4	4	4	1	1	1	1	1
230505	1	1	1	4	4	4	1	1	1	1	1
230505	2	2	2	4	3	3	2	1	2	2	1
230505	2	2	2	3	4	3	2	2	1	2	1
230505	3	4	3	4	4	4	1	1	1	1	1
230505	2	4	2	4	4	99	1	1	1	99	1
230505	1	3	1	3	3	3	3	2	2	2	1
230505	2	1	1	3	99	2	99	2	99	3	1
230505	1	3	1	3	3	99	2	2	2	99	1
230505	1	2	1	4	4	4	1	1	1	1	1
230505	1	2	2	3	3	3	2	2	2	2	1
230505	2	2	2	3	3	2	2	2	2	3	1
230505	1	2	1	3	3	99	2	2	2	99	1
230505	3	4	3	4	3	3	2	1	2	2	1
230505	2	2	2	3	3	2	2	2	2	3	1
230505	3	2	3	3	3	2	3	2	2	3	1
230505	3	2	3	3	2	3	2	2	3	2	1
230505	3	2	2	3	3	3	2	2	2	2	1
230505	2	2	2	4	3	4	2	1	2	1	1
230507	3	3	4	2	3	2	2	3	2	3	1
230507	3	3	3	3	99	3	1	2	99	2	1
230507	2	2	2	3	3	3	1	2	2	2	1
230507	2	3	2	3	3	3	2	2	2	2	1
230507	4	4	4	3	1	3	3	2	4	2	1
230507	4	4	4	2	4	99	99	3	1	99	1
230507	2	1	2	4	2	2	3	1	3	3	1
230507	1	1	1	3	3	3	2	2	2	2	1
230507	2	2	1	4	4	4	99	1	1	1	1
230507	1	1	2	99	2	2	99	99	3	3	1
230507	4	4	4	1	1	1	4	4	4	4	1
230507	2	1	1	1	1	1	4	4	4	4	1
230507	1	3	3	3	2	2	2	2	3	3	1
230507	4	4	3	4	2	3	1	1	3	2	1
230507	3	3	3	3	4	3	2	2	1	2	1
230507	3	4	2	3	2	3	2	2	3	2	1
230507	2	4	2	4	3	4	1	1	2	1	1
230507	1	3	99	1	1	1	4	4	4	4	1
300502	4	3	4	2	1	1	4	3	4	4	1
300502	2	2	2	3	3	3	2	2	2	2	1
300502	2	2	1	3	4	3	1	2	1	2	1
300502	2	3	3	3	2	3	2	2	3	2	1
300502	1	4	1	3	3	3	2	2	2	2	1
300502	2	3	1	3	2	3	2	2	3	2	1
300502	1	1	1	4	4	4	1	1	1	1	1
300502	2	2	2	3	2	3	2	2	3	2	1
300502	3	4	3	3	3	3	2	2	2	2	1
300502	3	4	3	3	99	3	2	2	99	2	1
300502	4	4	4	99	2	99	99	99	3	99	1
300502	3	3	3	4	4	4	1	1	1	1	1
300502	1	4	3	1	2	1	3	4	3	4	1
310503	3	3	3	3	99	3	2	2	99	2	1
310503	3	3	3	4	3	3	2	1	2	2	1
310503	2	3	4	3	99	3	2	2	99	2	1
310503	4	3	2	2	1	3	1	3	4	2	1
310503	2	2	1	3	2	1	4	2	3	4	1
310503	1	1	1	3	3	3	2	2	2	2	1
310503	3	2	1	2	1	1	3	3	4	4	1
310503	2	2	2	3	3	3	2	2	2	2	1
310503	1	1	99	3	3	3	99	2	2	2	1
310503	2	3	3	4	3	3	2	1	2	2	1
310503	1	1	1	3	99	2	2	2	99	3	1
310503	2	2	2	3	3	3	99	2	2	2	1
310503	1	1	1	4	3	3	1	1	2	2	1
310503	3	2	3	3	3	3	2	2	2	2	1
310503	2	3	1	4	3	4	2	1	2	1	1
310503	3	2	2	3	2	2	3	2	3	3	1
310503	3	2	2	3	3	3	2	2	2	2	1
310503	4	2	3	3	2	3	2	2	3	2	1
310503	3	2	2	3	3	99	3	2	2	99	1
310503	2	3	2	3	3	3	2	2	2	2	1
310503	1	1	1	3	3	99	1	2	2	99	1
310503	1	2	1	3	99	3	2	2	99	2	1
320505	1	3	1	4	4	4	1	1	1	1	1
320505	1	4	2	4	4	4	1	1	1	1	1
320505	3	2	4	3	3	2	2	2	2	3	1
320505	1	3	1	3	3	3	2	2	2	2	1
320505	1	2	1	3	3	2	1	2	2	3	1
320505	3	4	3	3	3	3	2	2	2	2	1
320505	2	3	1	3	2	3	99	2	3	2	1
320505	3	4	2	3	3	2	3	2	2	3	1
320505	1	2	1	4	3	4	2	1	2	1	1
320505	1	2	2	3	3	3	2	2	2	2	1
320505	1	4	1	4	4	4	1	1	1	1	1
320505	3	2	2	4	3	4	2	1	2	1	1
320505	2	3	2	4	3	3	2	1	2	2	1
320505	4	4	4	4	99	4	1	1	99	1	1
320505	1	2	2	3	2	3	2	2	3	2	1
320505	4	4	4	4	4	2	2	1	1	3	1
320505	3	3	2	4	3	4	2	1	2	1	1
320506	1	3	2	3	3	3	1	2	2	2	1
320506	1	1	1	4	3	3	2	1	2	2	1
320506	2	3	2	3	3	3	2	2	2	2	1
320506	4	4	4	2	2	2	4	3	3	3	1
320506	1	1	2	4	4	3	2	1	1	2	1
320506	1	2	1	4	4	3	2	1	1	2	1
320506	3	3	4	3	2	2	3	2	3	3	1
320506	3	2	3	4	3	3	2	1	2	2	1
320506	1	3	1	4	4	4	2	1	1	1	1
320506	3	2	3	99	99	99	2	99	99	99	1
320506	3	4	3	3	3	3	2	2	2	2	1
320506	3	4	1	4	4	1	4	1	1	4	1
320506	1	1	99	99	99	3	1	99	99	2	1
320506	3	3	3	3	99	3	99	2	99	2	1
350502	4	4	4	3	1	3	2	2	4	2	1
350502	3	4	3	4	3	2	2	1	2	3	1
350502	4	4	4	3	1	3	3	2	4	2	1
350502	3	3	3	3	3	3	2	2	2	2	1
350502	3	3	3	3	3	2	3	2	2	3	1
350502	2	3	2	2	2	2	3	3	3	3	1
350502	3	3	3	3	3	3	2	2	2	2	1
350502	3	4	3	3	3	3	1	2	2	2	1
350502	4	4	4	3	3	3	2	2	2	2	1
350502	4	4	4	4	4	4	1	1	1	1	1
350502	4	4	2	2	3	2	3	3	2	3	1
350502	3	3	2	3	3	2	2	2	2	3	1
350502	3	3	3	3	3	2	2	2	2	3	1
350502	2	2	2	2	2	2	3	3	3	3	1
350502	3	2	3	2	2	3	3	3	3	2	1
350502	1	1	99	3	2	2	2	2	3	3	1
350502	3	3	4	3	3	3	3	2	2	2	1
350502	3	3	3	4	3	3	99	1	2	2	1
350502	4	4	4	3	4	4	3	2	1	1	1
350502	4	4	4	4	2	4	2	1	3	1	1
350502	4	4	3	3	99	3	99	2	99	2	1
350502	4	3	2	3	2	3	3	2	3	2	1
350502	3	3	3	3	3	99	3	2	2	99	1
430511	3	3	2	3	3	3	2	2	2	2	1
430511	3	3	4	4	99	2	99	1	99	3	1
430511	1	3	1	4	3	4	1	1	2	1	1
430511	1	1	1	4	4	4	1	1	1	1	1
430511	3	3	3	3	3	3	2	2	2	2	1
430511	4	3	3	3	2	3	2	2	3	2	1
430511	2	2	2	3	3	2	2	2	2	3	1
430511	3	3	3	3	3	3	2	2	2	2	1
430511	3	3	3	3	99	3	99	2	99	2	1
430511	3	4	3	4	3	4	1	1	2	1	1
430511	1	2	2	4	4	4	1	1	1	1	1
430511	1	1	1	4	4	4	1	1	1	1	1
430511	2	3	2	4	3	99	1	1	2	99	1
430511	3	3	3	4	3	4	1	1	2	1	1
430511	1	1	1	4	3	4	1	1	2	1	1
430511	3	3	3	4	2	4	2	1	3	1	1
430511	2	2	2	4	4	4	2	1	1	1	1
430511	4	4	4	3	1	3	1	2	4	2	1
430511	4	3	3	4	4	3	1	1	1	2	1
430511	3	2	3	3	2	3	3	2	3	2	1
430511	2	2	2	4	3	3	2	1	2	2	1
430511	2	2	2	3	99	3	99	2	99	2	1
430511	3	4	3	4	4	4	1	1	1	1	1
430511	1	1	1	4	4	3	2	1	1	2	1
430511	3	3	3	3	3	3	1	2	2	2	1
430559	1	2	1	3	3	3	2	2	2	2	1
430559	3	3	3	3	2	3	2	2	3	2	1
430559	2	3	3	3	3	3	1	2	2	2	1
430559	1	2	2	4	4	4	1	1	1	1	1
430559	3	2	3	3	3	2	2	2	2	3	1
430559	2	3	2	3	3	3	2	2	2	2	1
430559	1	2	1	3	3	3	2	2	2	2	1
430559	3	2	1	4	2	3	3	1	3	2	1
430559	2	2	2	4	3	3	2	1	2	2	1
430559	2	3	3	3	4	3	2	2	1	2	1
430559	3	3	3	3	4	4	1	2	1	1	1
430559	1	1	1	3	2	2	2	2	3	3	1
430559	3	2	2	4	3	3	2	1	2	2	1
430559	3	3	3	3	4	4	2	2	1	1	1
430559	4	1	1	4	4	4	2	1	1	1	1
430559	4	2	4	4	4	4	2	1	1	1	1
430559	2	3	1	4	2	3	2	1	3	2	1
430559	1	2	1	3	3	3	2	2	2	2	1
430559	2	3	2	4	3	3	2	1	2	2	1
490551	3	2	2	3	3	3	2	2	2	2	1
490551	4	4	4	1	1	1	4	4	4	4	1
490551	3	4	3	3	2	2	2	2	3	3	1
490551	4	3	3	3	2	1	3	2	3	4	1
490551	3	2	2	3	3	3	3	2	2	2	1
490551	3	3	3	3	3	2	2	2	2	3	1
490551	2	3	2	3	3	3	2	2	2	2	1
490551	4	4	3	3	3	2	3	2	2	3	1
490551	4	1	3	4	3	3	2	1	2	2	1
490551	2	2	2	3	3	3	2	2	2	2	1
490551	1	2	1	3	3	3	2	2	2	2	1
490551	3	2	3	3	2	2	3	2	3	3	1
490551	2	2	2	3	3	3	1	2	2	2	1
490551	4	2	4	1	1	1	3	4	4	4	1
490551	2	4	3	2	2	1	4	3	3	4	1
490551	3	2	2	3	3	99	2	2	2	99	1
490551	4	3	3	2	3	3	2	3	2	2	1
490551	3	3	2	3	3	3	3	2	2	2	1
490551	1	2	2	3	3	3	2	2	2	2	1
490551	2	2	3	4	3	4	2	1	2	1	1
510502	3	3	3	3	3	3	2	2	2	2	1
510502	1	4	2	4	3	4	1	1	2	1	1
510502	3	4	3	4	3	3	1	1	2	2	1
510502	2	3	2	3	3	3	2	2	2	2	1
510502	4	2	4	4	3	4	1	1	2	1	1
510502	3	3	1	3	3	3	4	2	2	2	1
510502	1	1	1	3	3	2	2	2	2	3	1
510502	3	3	3	3	99	3	99	2	99	2	1
510502	2	3	3	3	2	99	3	2	3	99	1
510502	3	3	3	3	3	3	2	2	2	2	1
510502	3	3	2	3	4	3	1	2	1	2	1
510502	2	3	2	2	1	2	4	3	4	3	1
510502	1	4	1	4	3	4	2	1	2	1	1
510502	1	4	2	3	3	3	2	2	2	2	1
510502	2	1	1	3	2	4	2	2	3	1	1
510502	3	3	3	3	3	3	1	2	2	2	1
510502	2	4	2	2	3	1	2	3	2	4	1
510502	2	3	2	3	3	3	1	2	2	2	1
510502	3	3	2	3	99	2	1	2	99	3	1
510502	2	2	2	3	3	3	3	2	2	2	1
510502	1	3	3	3	3	2	1	2	2	3	1
510554	2	4	3	4	4	3	2	1	1	2	1
510554	2	4	3	3	2	99	2	2	3	99	1
510554	2	3	3	3	2	4	3	2	3	1	1
510554	2	3	3	4	3	3	3	1	2	2	1
510554	3	1	2	3	2	3	2	2	3	2	1
510554	2	4	3	4	4	4	3	1	1	1	1
510554	1	2	1	99	2	99	99	99	3	99	1
510554	2	1	3	4	4	4	1	1	1	1	1
510554	3	2	2	3	3	2	2	2	2	3	1
510554	4	4	4	3	1	2	4	2	4	3	1
510554	2	3	2	3	3	99	3	2	2	99	1
510554	3	3	3	4	3	3	99	1	2	2	1
510554	3	3	3	4	3	3	2	1	2	2	1
520503	3	4	2	3	3	3	2	2	2	2	1
520503	1	1	1	99	3	3	2	99	2	2	1
520503	3	2	2	3	3	3	2	2	2	2	1
520503	1	2	1	3	3	3	2	2	2	2	1
520503	2	2	2	4	2	4	1	1	3	1	1
520503	2	2	2	3	3	3	1	2	2	2	1
520503	1	3	2	4	3	4	1	1	2	1	1
520503	1	1	1	4	4	4	1	1	1	1	1
520503	3	3	3	3	3	3	2	2	2	2	1
520503	3	3	2	3	3	3	2	2	2	2	1
520503	2	3	1	4	3	3	2	1	2	2	1
520503	2	2	2	3	3	3	2	2	2	2	1
520503	3	3	2	4	4	3	2	1	1	2	1
520503	2	3	1	4	3	3	1	1	2	2	1
520503	1	2	2	4	3	3	1	1	2	2	1
520503	2	2	2	3	3	3	2	2	2	2	1
520503	2	2	2	3	3	4	1	2	2	1	1
520503	3	2	4	3	3	4	1	2	2	1	1
520503	2	1	1	4	4	4	1	1	1	1	1
520503	1	2	2	3	3	2	2	2	2	3	1
520503	4	4	4	3	3	3	2	2	2	2	1
520503	2	4	2	3	3	3	3	2	2	2	1
30401	1	3	1	4	4	4	1	1	1	1	1
30401	3	4	3	3	4	4	2	2	1	1	1
30401	4	4	4	1	1	1	4	4	4	4	1
30401	1	4	2	3	4	3	1	2	1	2	1
30401	1	2	2	3	4	2	3	2	1	3	1
30401	1	3	3	1	2	2	2	4	3	3	1
30401	4	2	2	4	4	4	1	1	1	1	1
30401	1	1	1	4	4	4	1	1	1	1	1
30401	4	2	1	2	3	99	1	3	2	99	1
30401	4	3	3	99	3	3	4	99	2	2	1
30401	3	2	1	3	2	1	3	2	3	4	1
30401	4	4	4	1	2	2	99	4	3	3	1
30401	1	3	4	3	1	99	99	2	4	99	1
30401	4	2	4	3	3	3	2	2	2	2	1
30401	4	1	3	3	4	2	3	2	1	3	1
30401	2	1	2	3	3	3	2	2	2	2	1
30401	4	2	1	3	4	4	2	2	1	1	1
30404	2	2	2	4	3	4	1	1	2	1	1
30404	4	3	2	3	3	2	3	2	2	3	1
30404	3	2	2	3	3	3	2	2	2	2	1
30404	1	2	1	4	3	4	1	1	2	1	1
30404	3	2	3	3	3	3	2	2	2	2	1
30404	3	2	3	2	4	1	4	3	1	4	1
30404	2	2	1	3	3	3	1	2	2	2	1
30404	1	1	1	4	4	4	1	1	1	1	1
30404	2	1	1	4	3	4	2	1	2	1	1
30404	2	2	1	3	2	3	2	2	3	2	1
30404	3	3	3	3	3	3	1	2	2	2	1
30404	2	1	2	4	4	4	1	1	1	1	1
30404	3	3	2	3	3	3	1	2	2	2	1
30404	1	2	1	3	2	2	3	2	3	3	1
30404	3	3	4	4	4	4	2	1	1	1	1
30404	3	1	2	1	99	4	99	4	99	1	1
30404	4	3	4	3	4	4	2	2	1	1	1
30406	4	4	4	1	1	1	4	4	4	4	1
30406	3	3	2	3	1	1	4	2	4	4	1
30406	1	1	1	99	4	4	2	99	1	1	1
30406	4	4	4	3	3	3	3	2	2	2	1
30406	3	2	2	4	4	4	1	1	1	1	1
30406	3	3	3	2	3	2	99	3	2	3	1
30406	2	2	2	3	3	3	2	2	2	2	1
30406	3	1	3	1	1	2	4	4	4	3	1
30406	4	4	4	3	3	4	3	2	2	1	1
30406	4	4	4	1	1	1	4	4	4	4	1
30406	4	4	4	1	1	1	1	4	4	4	1
30406	4	4	4	1	1	1	4	4	4	4	1
30406	4	4	4	1	1	1	4	4	4	4	1
30406	4	4	4	3	1	3	1	2	4	2	1
30406	4	4	4	3	3	2	3	2	2	3	1
30406	1	1	1	3	1	4	2	2	4	1	1
30406	2	2	2	3	3	3	1	2	2	2	1
30406	1	4	4	99	1	1	2	99	4	4	1
30406	4	4	4	4	4	1	1	1	1	4	1
70401	4	1	4	4	4	4	1	1	1	1	1
70401	3	2	2	4	2	2	1	1	3	3	1
70401	3	2	2	3	3	3	2	2	2	2	1
70401	4	4	4	3	1	1	4	2	4	4	1
70401	4	4	1	3	3	3	3	2	2	2	1
70401	1	3	99	3	3	4	99	2	2	1	1
70401	3	3	3	4	4	3	2	1	1	2	1
70401	3	2	4	2	2	2	3	3	3	3	1
70401	4	4	4	4	3	3	2	1	2	2	1
70401	4	3	4	1	2	1	3	4	3	4	1
70401	1	2	1	4	3	4	1	1	2	1	1
70401	4	4	2	3	1	1	4	2	4	4	1
70401	2	3	2	4	4	4	1	1	1	1	1
90401	2	1	1	4	3	3	2	1	2	2	1
90401	3	3	3	2	2	2	3	3	3	3	1
90401	3	3	3	3	3	3	2	2	2	2	1
90401	3	2	3	3	3	3	2	2	2	2	1
90401	3	2	3	3	99	2	99	2	99	3	1
90401	2	3	2	4	2	2	3	1	3	3	1
90401	4	3	4	3	3	3	2	2	2	2	1
90401	4	4	4	3	3	3	3	2	2	2	1
90401	3	3	3	2	2	3	2	3	3	2	1
90401	2	1	2	99	99	3	2	99	99	2	1
90401	1	3	1	1	2	1	1	4	3	4	1
90401	2	2	3	2	3	2	4	3	2	3	1
90401	4	3	4	3	3	3	1	2	2	2	1
90401	4	3	4	4	3	4	1	1	2	1	1
90401	3	3	4	1	1	1	3	4	4	4	1
90401	3	4	3	3	3	3	2	2	2	2	1
90401	1	1	2	1	4	4	2	4	1	1	1
90401	3	2	3	3	99	3	2	2	99	2	1
90401	4	3	3	3	2	3	2	2	3	2	1
90401	1	2	1	4	4	3	2	1	1	2	1
90401	2	2	2	3	3	3	3	2	2	2	1
90401	3	3	99	1	2	3	2	4	3	2	1
90404	3	3	99	1	1	1	2	4	4	4	1
90404	3	4	3	1	1	3	1	4	4	2	1
90404	3	3	99	3	3	3	99	2	2	2	1
90404	4	4	4	1	1	1	1	4	4	4	1
90404	3	4	3	2	3	3	2	3	2	2	1
90404	4	3	2	1	1	1	4	4	4	4	1
90404	2	3	2	1	1	1	4	4	4	4	1
90404	2	1	2	2	4	1	4	3	1	4	1
90404	3	3	99	3	3	2	2	2	2	3	1
90404	3	4	4	4	4	4	2	1	1	1	1
90404	4	3	3	2	2	3	3	3	3	2	1
90404	1	4	4	1	3	2	4	4	2	3	1
90404	4	4	3	4	3	4	1	1	2	1	1
90404	4	2	3	1	1	1	3	4	4	4	1
90404	3	2	1	2	2	2	3	3	3	3	1
90404	3	2	3	1	2	2	4	4	3	3	1
90404	1	4	3	1	1	1	4	4	4	4	1
90404	3	2	3	3	2	2	3	2	3	3	1
90404	4	4	4	1	1	1	4	4	4	4	1
90404	4	4	4	1	1	3	1	4	4	2	1
90404	3	3	2	3	4	3	1	2	1	2	1
90404	4	3	3	4	3	4	1	1	2	1	1
90405	4	4	4	3	3	3	99	2	2	2	1
90405	4	4	4	1	1	1	4	4	4	4	1
90405	3	4	3	3	3	3	2	2	2	2	1
90405	4	4	4	1	1	1	4	4	4	4	1
90405	3	4	3	1	3	1	4	4	2	4	1
90405	3	4	4	3	2	3	3	2	3	2	1
90405	4	3	4	3	3	2	2	2	2	3	1
90405	3	3	2	3	3	4	2	2	2	1	1
90405	4	4	4	1	2	2	3	4	3	3	1
90405	4	3	3	3	4	3	99	2	1	2	1
90405	4	2	3	4	3	3	2	1	2	2	1
90405	4	3	3	3	2	3	2	2	3	2	1
90405	4	4	4	1	1	3	4	4	4	2	1
90405	4	4	3	1	1	1	1	4	4	4	1
90405	3	2	3	3	3	3	1	2	2	2	1
90405	1	3	2	3	3	3	2	2	2	2	1
90405	2	2	2	2	1	2	3	3	4	3	1
100402	3	1	1	1	1	1	4	4	4	4	1
100402	4	1	4	1	1	1	4	4	4	4	1
100402	4	2	1	1	1	1	4	4	4	4	1
100402	4	3	3	2	3	2	4	3	2	3	1
100402	3	3	3	2	3	2	4	3	2	3	1
100402	1	3	2	3	3	3	2	2	2	2	1
100402	4	3	4	3	3	3	2	2	2	2	1
100402	1	2	99	99	4	99	99	99	1	99	1
100402	3	3	4	3	3	3	1	2	2	2	1
100402	4	4	3	3	3	3	2	2	2	2	1
100402	3	3	2	2	3	3	2	3	2	2	1
100402	4	2	2	4	4	3	1	1	1	2	1
100402	3	4	4	3	3	3	2	2	2	2	1
100402	4	4	4	3	3	3	2	2	2	2	1
100402	3	3	4	2	4	99	99	3	1	99	1
100402	4	4	4	4	1	4	1	1	4	1	1
100402	4	4	3	99	1	1	4	99	4	4	1
100402	3	3	2	3	3	3	2	2	2	2	1
100402	2	2	2	3	3	3	2	2	2	2	1
100402	3	4	4	2	3	1	2	3	2	4	1
100402	4	3	4	99	99	99	99	99	99	99	1
120401	1	3	1	4	3	4	1	1	2	1	1
120401	2	2	2	3	3	3	2	2	2	2	1
120401	2	3	2	4	3	4	3	1	2	1	1
120401	1	2	2	4	4	4	1	1	1	1	1
120401	4	4	4	3	1	1	2	2	4	4	1
120401	1	2	1	4	4	4	2	1	1	1	1
120401	2	3	3	4	3	4	1	1	2	1	1
120401	2	1	2	4	3	3	2	1	2	2	1
120401	3	1	2	99	99	3	99	99	99	2	1
120401	1	3	2	3	1	2	2	2	4	3	1
120401	3	3	3	3	3	4	1	2	2	1	1
120401	1	2	1	3	3	2	3	2	2	3	1
120401	1	1	1	4	3	4	1	1	2	1	1
120401	1	2	1	4	4	4	1	1	1	1	1
120401	3	3	4	4	4	3	1	1	1	2	1
120401	2	3	2	3	3	4	2	2	2	1	1
120401	3	1	2	3	2	3	2	2	3	2	1
120401	3	3	2	3	99	3	2	2	99	2	1
220401	4	3	4	3	1	3	2	2	4	2	1
220401	4	4	4	3	3	3	2	2	2	2	1
220401	4	4	4	3	3	3	2	2	2	2	1
220401	3	3	2	3	3	3	2	2	2	2	1
220401	3	3	3	4	3	3	99	1	2	2	1
220401	4	4	4	1	1	1	4	4	4	4	1
220401	4	2	4	3	2	3	3	2	3	2	1
220401	4	1	4	3	3	99	99	2	2	99	1
220401	4	3	4	3	3	3	2	2	2	2	1
220401	1	1	1	2	99	99	99	3	99	99	1
220401	4	4	4	3	2	3	99	2	3	2	1
220401	3	3	3	1	2	2	4	4	3	3	1
230403	4	4	2	3	2	2	1	2	3	3	1
230403	3	3	3	3	3	3	2	2	2	2	1
230403	4	2	3	4	99	3	99	1	99	2	1
230403	3	2	3	4	4	4	1	1	1	1	1
230403	3	2	4	4	4	4	2	1	1	1	1
230403	3	3	2	3	4	3	2	2	1	2	1
230403	1	2	2	99	2	1	4	99	3	4	1
230403	2	2	3	4	3	4	2	1	2	1	1
230403	2	2	2	4	4	3	1	1	1	2	1
230403	3	3	3	3	3	99	3	2	2	99	1
230403	4	4	4	3	3	3	2	2	2	2	1
230403	3	3	2	3	1	3	1	2	4	2	1
230403	4	2	3	4	4	4	1	1	1	1	1
230403	3	2	3	4	4	3	1	1	1	2	1
230403	2	1	2	4	4	4	1	1	1	1	1
230403	2	1	2	3	3	3	2	2	2	2	1
230403	3	2	3	4	3	4	1	1	2	1	1
230403	3	2	3	4	4	4	1	1	1	1	1
230403	4	3	3	3	4	3	2	2	1	2	1
230409	2	2	1	4	99	3	2	1	99	2	1
230409	4	3	4	3	4	3	2	2	1	2	1
230409	4	4	4	3	2	3	3	2	3	2	1
230409	1	4	3	4	4	4	1	1	1	1	1
230409	1	2	1	3	3	99	2	2	2	99	1
230409	1	2	1	99	3	4	1	99	2	1	1
230409	1	1	1	4	4	4	1	1	1	1	1
230409	2	3	2	4	4	4	1	1	1	1	1
230409	3	2	3	4	4	4	1	1	1	1	1
230409	1	2	1	4	3	4	2	1	2	1	1
230409	2	2	2	3	3	3	1	2	2	2	1
230409	4	3	2	3	3	3	3	2	2	2	1
230409	1	3	2	3	3	2	2	2	2	3	1
230409	3	2	3	4	4	4	1	1	1	1	1
230409	2	3	2	4	4	4	1	1	1	1	1
230409	3	3	3	3	3	4	2	2	2	1	1
230409	1	1	2	4	3	4	1	1	2	1	1
230409	1	1	2	4	4	4	2	1	1	1	1
260401	1	2	2	3	3	3	2	2	2	2	1
260401	1	1	1	4	4	4	1	1	1	1	1
260401	2	1	1	4	4	4	1	1	1	1	1
260401	2	1	1	1	1	1	3	4	4	4	1
260401	2	1	2	3	3	3	2	2	2	2	1
260401	3	3	1	3	3	4	2	2	2	1	1
260401	1	1	1	4	4	4	1	1	1	1	1
260401	1	1	1	4	4	4	1	1	1	1	1
260401	1	1	2	4	4	4	4	1	1	1	1
260401	2	2	2	4	4	4	1	1	1	1	1
260401	4	2	2	3	3	3	1	2	2	2	1
260401	3	2	2	3	3	3	2	2	2	2	1
260401	4	3	3	3	3	3	2	2	2	2	1
260401	3	3	3	3	3	3	99	2	2	2	1
260401	2	1	2	3	3	3	2	2	2	2	1
260401	2	1	2	4	4	4	2	1	1	1	1
260401	2	2	2	3	3	3	2	2	2	2	1
260401	2	1	2	4	4	4	1	1	1	1	1
260401	1	1	1	4	3	4	1	1	2	1	1
260401	1	1	1	3	2	99	3	2	3	99	1
260401	1	1	1	3	2	3	2	2	3	2	1
260401	1	1	1	4	4	4	1	1	1	1	1
280401	4	4	4	4	2	4	2	1	3	1	1
280401	4	4	3	4	3	3	2	1	2	2	1
280401	4	4	99	3	2	2	99	2	3	3	1
280401	4	4	4	2	2	3	3	3	3	2	1
280401	3	3	4	2	2	2	3	3	3	3	1
280401	3	3	4	4	4	3	2	1	1	2	1
280401	4	4	4	2	2	3	3	3	3	2	1
280401	4	4	3	4	4	2	2	1	1	3	1
280401	4	3	4	4	3	4	3	1	2	1	1
280401	3	3	3	4	4	4	1	1	1	1	1
280401	4	4	4	2	2	1	4	3	3	4	1
280401	2	3	3	2	3	2	3	3	2	3	1
280401	4	4	4	1	3	1	4	4	2	4	1
280401	3	3	3	4	4	4	1	1	1	1	1
280401	3	3	99	3	2	3	2	2	3	2	1
280401	3	4	99	3	4	2	2	2	1	3	1
280401	3	3	3	3	3	3	2	2	2	2	1
280401	4	4	3	4	4	2	2	1	1	3	1
280401	4	4	99	1	1	1	3	4	4	4	1
280401	4	3	4	3	2	2	3	2	3	3	1
280401	4	4	4	2	1	1	3	3	4	4	1
280401	2	3	2	3	2	3	3	2	3	2	1
280401	3	2	2	4	3	3	4	1	2	2	1
300401	3	3	3	3	99	3	99	2	99	2	1
300401	2	1	2	3	3	3	2	2	2	2	1
300401	3	4	99	99	2	2	3	99	3	3	1
300401	4	2	4	3	2	3	3	2	3	2	1
300401	3	3	2	3	2	2	2	2	3	3	1
300401	2	3	2	2	3	1	99	3	2	4	1
300401	3	4	4	3	2	2	3	2	3	3	1
350401	3	2	2	3	3	3	2	2	2	2	1
350401	2	1	2	3	2	2	3	2	3	3	1
350401	2	1	2	4	2	3	2	1	3	2	1
350401	3	2	2	3	99	3	99	2	99	2	1
350401	3	4	99	2	2	3	99	3	3	2	1
350401	3	3	2	2	1	1	1	3	4	4	1
350401	3	1	3	3	4	4	4	2	1	1	1
350401	2	1	2	4	3	4	1	1	2	1	1
350401	3	4	3	3	3	2	2	2	2	3	1
350401	1	3	1	4	4	4	1	1	1	1	1
350401	3	4	3	3	1	2	4	2	4	3	1
350401	4	4	99	99	99	4	1	99	99	1	1
350401	3	3	3	3	99	4	99	2	99	1	1
360401	4	4	4	1	1	1	4	4	4	4	1
360401	3	3	3	3	99	3	99	2	99	2	1
360401	3	4	4	3	3	3	2	2	2	2	1
360401	3	3	3	3	2	3	4	2	3	2	1
360401	3	4	2	4	4	1	4	1	1	4	1
360401	3	3	3	2	3	4	2	3	2	1	1
360401	3	4	1	4	3	4	1	1	2	1	1
360401	3	3	3	3	3	3	2	2	2	2	1
360401	4	4	4	4	3	3	2	1	2	2	1
360401	2	3	1	4	4	3	2	1	1	2	1
360401	3	2	3	4	4	3	3	1	1	2	1
360401	2	1	2	3	3	3	2	2	2	2	1
360401	4	3	3	3	1	3	2	2	4	2	1
360401	2	3	1	3	99	3	2	2	99	2	1
360401	3	3	3	2	1	3	4	3	4	2	1
360401	2	1	1	1	1	1	4	4	4	4	1
360401	3	3	2	4	3	2	2	1	2	3	1
360401	1	1	1	4	3	3	1	1	2	2	1
430402	4	3	4	3	3	3	2	2	2	2	1
430402	3	1	1	4	3	2	1	1	2	3	1
430402	3	4	3	3	99	3	99	2	99	2	1
430402	4	1	3	3	3	4	99	2	2	1	1
430402	2	1	2	4	99	3	99	1	99	2	1
430402	4	3	1	4	3	3	1	1	2	2	1
430402	3	3	2	3	4	4	2	2	1	1	1
430402	2	2	1	4	3	3	1	1	2	2	1
430402	3	3	2	3	2	3	3	2	3	2	1
430402	4	4	4	4	3	3	3	1	2	2	1
430402	3	3	3	4	3	4	2	1	2	1	1
430402	2	2	1	4	99	4	1	1	99	1	1
430402	2	1	2	4	3	3	2	1	2	2	1
430402	4	3	3	3	3	3	2	2	2	2	1
430402	4	3	3	3	3	3	2	2	2	2	1
430402	4	4	3	3	4	3	1	2	1	2	1
430402	4	3	4	3	3	3	1	2	2	2	1
430402	4	2	3	3	3	3	2	2	2	2	1
430402	3	3	1	3	3	3	1	2	2	2	1
430402	2	2	2	4	4	4	1	1	1	1	1
430407	2	2	2	4	4	4	1	1	1	1	1
430407	1	1	1	4	99	4	99	1	99	1	1
430407	3	3	3	4	4	4	1	1	1	1	1
430407	2	3	2	3	3	3	2	2	2	2	1
430407	4	2	1	4	4	3	1	1	1	2	1
430407	2	2	2	3	2	3	2	2	3	2	1
430407	3	3	2	4	4	4	1	1	1	1	1
430407	3	4	99	3	99	3	2	2	99	2	1
430407	3	3	3	4	2	4	1	1	3	1	1
430407	1	3	3	4	3	4	2	1	2	1	1
430407	4	3	99	3	3	3	2	2	2	2	1
430407	3	4	2	3	4	4	1	2	1	1	1
490402	4	1	1	99	99	3	1	99	99	2	1
490402	3	4	4	1	99	3	1	4	99	2	1
490402	4	4	4	2	2	2	2	3	3	3	1
490402	3	3	3	3	3	3	2	2	2	2	1
490402	3	4	99	3	2	2	4	2	3	3	1
490402	3	4	3	3	3	3	2	2	2	2	1
490402	3	3	99	3	3	4	2	2	2	1	1
490402	2	3	2	3	3	4	2	2	2	1	1
490402	3	3	3	4	4	3	99	1	1	2	1
490402	3	3	3	1	1	1	3	4	4	4	1
490402	3	2	3	2	2	1	2	3	3	4	1
490402	2	2	99	3	3	4	2	2	2	1	1
490402	3	3	3	3	3	2	3	2	2	3	1
490402	4	4	4	2	2	2	3	3	3	3	1
490453	4	4	4	3	4	1	4	2	1	4	1
490453	2	1	2	3	3	2	3	2	2	3	1
490453	4	4	4	1	1	1	4	4	4	4	1
490453	3	3	4	3	2	3	2	2	3	2	1
490453	3	4	3	4	3	4	2	1	2	1	1
490453	4	4	4	1	99	2	3	4	99	3	1
490453	2	1	2	3	3	3	2	2	2	2	1
490453	4	4	4	4	4	3	1	1	1	2	1
490453	4	3	4	3	1	3	1	2	4	2	1
490453	2	2	2	3	3	99	3	2	2	99	1
490453	4	4	4	2	1	3	4	3	4	2	1
490453	1	2	1	1	1	1	4	4	4	4	1
490453	1	1	1	3	4	3	2	2	1	2	1
490453	3	3	2	2	1	1	2	3	4	4	1
490453	4	4	1	1	1	1	1	4	4	4	1
490453	3	3	3	3	3	2	99	2	2	3	1
490453	4	4	4	1	2	1	3	4	3	4	1
490453	3	4	4	3	3	99	4	2	2	99	1
490453	2	2	2	2	3	2	2	3	2	3	1
490453	4	3	3	4	2	3	1	1	3	2	1
10301	3	3	2	3	3	3	2	2	2	2	2
10301	4	4	99	99	2	3	4	99	3	2	2
10301	3	3	3	3	3	4	2	2	2	1	2
10301	2	2	1	3	3	2	2	2	2	3	2
10301	2	2	2	3	3	99	2	2	2	99	2
10301	3	3	2	3	3	4	2	2	2	1	2
10301	4	3	3	4	2	3	2	1	3	2	2
10301	4	4	3	4	3	4	1	1	2	1	2
10301	3	3	3	3	4	4	1	2	1	1	2
10301	3	3	1	3	1	1	4	2	4	4	2
10301	3	3	3	3	3	3	3	2	2	2	2
10301	3	1	1	3	3	3	2	2	2	2	2
10301	4	3	4	3	3	2	2	2	2	3	2
10301	3	3	3	3	3	3	2	2	2	2	2
10301	2	1	1	3	2	3	2	2	3	2	2
10301	3	2	2	3	1	99	3	2	4	99	2
10301	4	2	4	2	2	3	3	3	3	2	2
10301	3	2	3	2	1	2	3	3	4	3	2
10301	1	1	1	3	3	3	2	2	2	2	2
10301	3	3	3	3	2	3	2	2	3	2	2
10301	3	3	3	2	2	2	3	3	3	3	2
20301	4	4	3	1	1	1	4	4	4	4	2
20301	2	3	2	3	3	3	4	2	2	2	2
20301	1	1	1	3	3	3	1	2	2	2	2
20301	2	2	2	4	3	2	2	1	2	3	2
20301	3	2	3	3	3	3	2	2	2	2	2
20301	2	3	2	3	2	99	3	2	3	99	2
20301	4	1	4	3	99	99	1	2	99	99	2
20301	3	3	3	3	3	3	2	2	2	2	2
20301	2	2	2	3	2	1	99	2	3	4	2
20301	2	2	2	3	2	2	2	2	3	3	2
20301	1	1	1	4	3	4	1	1	2	1	2
20301	1	3	2	3	3	3	1	2	2	2	2
20301	2	1	1	2	3	99	2	3	2	99	2
20301	4	2	3	2	3	2	2	3	2	3	2
20301	3	2	2	4	99	4	2	1	99	1	2
20301	2	1	2	4	4	4	1	1	1	1	2
20302	3	3	2	3	3	3	2	2	2	2	2
20302	2	3	2	4	4	4	1	1	1	1	2
20302	1	3	1	3	2	3	3	2	3	2	2
20302	1	2	2	3	1	3	3	2	4	2	2
20302	4	4	3	3	2	3	2	2	3	2	2
20302	3	3	3	3	3	3	2	2	2	2	2
20302	3	3	3	3	3	3	2	2	2	2	2
20302	3	4	3	3	99	3	2	2	99	2	2
20302	3	3	4	3	3	3	2	2	2	2	2
20302	3	4	3	3	1	1	2	2	4	4	2
20302	4	4	4	1	1	2	3	4	4	3	2
20302	4	4	4	1	1	1	4	4	4	4	2
20302	4	3	3	1	1	1	4	4	4	4	2
20302	3	3	4	2	1	2	3	3	4	3	2
20302	4	3	4	4	3	4	99	1	2	1	2
20302	4	4	4	2	1	4	3	3	4	1	2
20302	1	2	1	3	3	3	1	2	2	2	2
20302	3	4	3	3	2	2	2	2	3	3	2
20302	3	1	3	3	4	3	1	2	1	2	2
30301	4	4	1	3	3	3	1	2	2	2	2
30301	3	2	4	3	3	2	2	2	2	3	2
30301	1	1	1	4	4	3	2	1	1	2	2
30301	1	3	3	4	99	4	2	1	99	1	2
30301	3	4	2	3	3	2	3	2	2	3	2
30301	2	2	2	4	4	4	1	1	1	1	2
30301	2	3	2	3	3	99	2	2	2	99	2
30301	3	4	3	3	2	3	2	2	3	2	2
30301	1	3	1	4	4	4	1	1	1	1	2
30301	1	3	1	4	3	4	1	1	2	1	2
30301	4	4	4	4	3	3	1	1	2	2	2
30301	1	1	1	4	99	3	2	1	99	2	2
30301	1	1	1	4	4	4	1	1	1	1	2
30301	3	1	2	3	3	99	1	2	2	99	2
30301	2	2	2	3	3	3	2	2	2	2	2
30301	3	3	2	4	3	4	1	1	2	1	2
30301	3	3	2	2	3	2	2	3	2	3	2
30301	4	4	1	3	3	3	1	2	2	2	2
30301	4	4	1	4	3	4	1	1	2	1	2
30301	3	4	3	2	2	2	3	3	3	3	2
30301	3	3	2	4	3	3	1	1	2	2	2
30301	2	2	3	4	3	4	2	1	2	1	2
30301	2	1	2	4	4	4	1	1	1	1	2
30301	3	3	3	3	3	2	2	2	2	3	2
30301	3	3	3	3	3	2	2	2	2	3	2
30301	4	4	4	1	1	1	4	4	4	4	2
30301	3	2	4	3	3	3	1	2	2	2	2
30301	3	1	2	3	2	3	3	2	3	2	2
30302	2	3	2	3	3	3	2	2	2	2	2
30302	1	1	1	4	4	4	1	1	1	1	2
30302	3	2	99	4	4	4	1	1	1	1	2
30302	3	3	99	99	99	99	99	99	99	99	2
30302	3	3	3	4	3	3	2	1	2	2	2
30302	2	2	2	4	4	4	2	1	1	1	2
30302	2	2	4	4	3	4	2	1	2	1	2
30302	4	4	3	3	2	3	2	2	3	2	2
30302	2	1	2	4	3	2	1	1	2	3	2
30302	1	1	1	4	4	3	1	1	1	2	2
30302	3	2	2	3	3	3	1	2	2	2	2
30302	2	1	1	4	4	4	1	1	1	1	2
30302	2	3	3	3	3	3	1	2	2	2	2
30302	2	2	2	4	4	4	1	1	1	1	2
30302	3	3	3	4	4	4	1	1	1	1	2
30302	3	4	4	3	4	2	1	2	1	3	2
30302	2	3	2	3	3	3	2	2	2	2	2
30302	2	1	2	4	99	3	1	1	99	2	2
30302	4	2	4	4	3	4	1	1	2	1	2
30302	1	3	2	2	2	99	3	3	3	99	2
30302	4	3	3	3	2	2	1	2	3	3	2
30303	1	2	1	1	1	1	4	4	4	4	2
30303	4	4	3	4	4	4	2	1	1	1	2
30303	4	4	4	2	1	1	4	3	4	4	2
30303	3	3	3	4	3	4	1	1	2	1	2
30303	2	4	1	4	3	3	1	1	2	2	2
30303	2	2	2	3	3	3	2	2	2	2	2
30303	3	4	3	4	99	3	3	1	99	2	2
30303	2	3	2	3	2	99	99	2	3	99	2
30303	3	3	3	3	2	3	2	2	3	2	2
30303	3	3	2	2	2	3	2	3	3	2	2
30303	4	4	4	3	3	3	2	2	2	2	2
30303	1	3	2	3	2	3	3	2	3	2	2
30303	4	3	99	3	3	3	2	2	2	2	2
30303	3	3	3	3	3	3	2	2	2	2	2
30303	3	3	3	3	3	3	2	2	2	2	2
30303	3	4	3	4	3	2	2	1	2	3	2
30303	4	4	3	3	3	3	2	2	2	2	2
30303	3	2	3	3	2	3	99	2	3	2	2
30303	1	1	2	4	4	4	1	1	1	1	2
30303	2	2	2	3	2	2	3	2	3	3	2
30303	3	2	3	3	3	3	3	2	2	2	2
30303	3	2	2	4	4	4	2	1	1	1	2
30304	3	4	3	3	1	2	3	2	4	3	2
30304	4	3	2	3	2	2	3	2	3	3	2
30304	3	2	3	2	3	2	3	3	2	3	2
30304	3	3	4	3	1	1	1	2	4	4	2
30304	2	2	2	3	2	3	2	2	3	2	2
30304	2	3	3	3	2	3	3	2	3	2	2
30304	3	3	3	3	3	2	2	2	2	3	2
30304	4	4	3	3	3	4	1	2	2	1	2
30304	3	3	4	3	3	3	2	2	2	2	2
30304	3	3	4	3	3	2	2	2	2	3	2
30304	3	3	3	2	1	99	99	3	4	99	2
30304	3	2	3	3	99	99	99	2	99	99	2
30304	3	3	4	3	99	2	99	2	99	3	2
30304	3	3	2	3	3	3	2	2	2	2	2
30304	1	2	1	1	1	1	3	4	4	4	2
30304	4	3	3	3	3	3	2	2	2	2	2
30304	2	2	2	3	3	3	2	2	2	2	2
30304	3	4	3	4	4	3	1	1	1	2	2
30304	2	2	2	3	3	3	2	2	2	2	2
30304	4	4	4	2	2	4	2	3	3	1	2
30304	4	2	4	1	1	1	1	4	4	4	2
30304	1	1	1	3	3	3	2	2	2	2	2
30304	2	4	2	3	4	3	3	2	1	2	2
30304	4	4	4	3	3	3	2	2	2	2	2
30306	4	3	3	1	2	2	2	4	3	3	2
30306	2	3	3	4	3	4	1	1	2	1	2
30306	3	4	3	3	3	3	1	2	2	2	2
30306	3	3	3	3	3	3	2	2	2	2	2
30306	3	2	99	3	3	3	2	2	2	2	2
30306	3	3	3	2	2	2	3	3	3	3	2
30306	3	3	1	3	3	3	2	2	2	2	2
30306	3	3	3	3	3	2	2	2	2	3	2
30306	2	2	2	4	3	2	2	1	2	3	2
30306	4	4	4	3	3	2	3	2	2	3	2
30306	2	2	2	3	99	3	2	2	99	2	2
30306	4	3	3	3	2	3	2	2	3	2	2
30306	3	3	2	4	3	3	1	1	2	2	2
30306	3	3	3	3	3	3	2	2	2	2	2
30306	3	3	3	3	3	3	2	2	2	2	2
30306	3	3	2	3	3	3	2	2	2	2	2
30306	3	2	3	99	4	3	4	99	1	2	2
30306	3	3	2	3	2	2	3	2	3	3	2
30306	1	2	1	4	3	4	2	1	2	1	2
30306	1	3	1	4	4	4	1	1	1	1	2
30306	3	3	4	4	4	4	1	1	1	1	2
30306	3	4	4	1	2	1	4	4	3	4	2
30306	3	4	3	3	2	2	4	2	3	3	2
30306	2	2	2	3	3	3	2	2	2	2	2
30306	4	3	99	99	1	1	4	99	4	4	2
30306	2	4	3	3	3	3	2	2	2	2	2
60301	1	1	1	4	4	4	1	1	1	1	2
60301	2	4	2	4	4	4	99	1	1	1	2
60301	2	2	2	3	3	4	2	2	2	1	2
60301	3	3	3	3	3	3	2	2	2	2	2
60301	3	2	3	3	3	3	2	2	2	2	2
60301	3	3	3	3	3	3	2	2	2	2	2
60301	2	2	1	3	4	3	2	2	1	2	2
60301	2	3	2	3	3	3	2	2	2	2	2
60301	2	3	2	99	3	4	1	99	2	1	2
60301	2	3	3	3	99	3	2	2	99	2	2
60301	3	4	4	3	3	2	2	2	2	3	2
60301	3	3	3	3	2	3	2	2	3	2	2
60301	3	3	2	4	4	4	1	1	1	1	2
60301	2	1	2	3	3	3	2	2	2	2	2
60301	3	4	3	3	2	3	3	2	3	2	2
60301	4	4	3	3	1	3	3	2	4	2	2
60301	2	2	2	3	3	3	2	2	2	2	2
60301	1	2	2	3	3	3	3	2	2	2	2
60301	2	3	2	4	4	4	1	1	1	1	2
60301	2	3	1	3	3	2	2	2	2	3	2
60302	4	1	1	1	3	1	4	4	2	4	2
60302	1	1	2	99	3	1	3	99	2	4	2
60302	3	4	3	3	99	3	2	2	99	2	2
60302	3	3	4	4	3	3	1	1	2	2	2
60302	2	2	3	4	4	3	1	1	1	2	2
60302	4	4	4	3	1	3	1	2	4	2	2
60302	3	1	2	3	3	4	2	2	2	1	2
60302	1	1	2	3	4	3	2	2	1	2	2
60302	4	4	2	1	3	1	4	4	2	4	2
60302	3	3	3	4	3	4	3	1	2	1	2
60302	3	3	3	4	4	4	1	1	1	1	2
60302	1	2	4	3	3	99	2	2	2	99	2
60302	1	1	3	3	2	3	3	2	3	2	2
60302	4	4	4	4	4	4	1	1	1	1	2
80301	2	4	2	1	1	1	4	4	4	4	2
80301	4	4	4	4	3	4	1	1	2	1	2
80301	3	3	4	3	3	3	3	2	2	2	2
80301	3	2	2	3	2	2	3	2	3	3	2
80301	3	3	2	4	4	4	1	1	1	1	2
80301	2	2	2	3	3	3	2	2	2	2	2
80301	3	3	3	2	4	3	1	3	1	2	2
80301	2	4	1	3	2	3	2	2	3	2	2
80301	2	3	3	3	2	3	2	2	3	2	2
80301	2	3	2	3	3	3	2	2	2	2	2
80301	4	4	4	4	3	4	2	1	2	1	2
80301	3	2	2	3	3	3	3	2	2	2	2
80301	3	2	3	3	3	2	2	2	2	3	2
80301	4	4	3	3	3	2	3	2	2	3	2
80301	2	3	2	3	4	2	4	2	1	3	2
80301	3	2	2	3	2	3	3	2	3	2	2
80301	3	3	3	3	3	3	2	2	2	2	2
80302	2	2	2	3	4	4	1	2	1	1	2
80302	4	4	4	4	3	3	1	1	2	2	2
80302	3	2	1	3	3	3	2	2	2	2	2
80302	3	3	3	3	99	99	2	2	99	99	2
80302	3	3	3	4	3	3	2	1	2	2	2
80302	4	2	4	4	4	2	2	1	1	3	2
80302	3	2	3	2	2	3	3	3	3	2	2
80302	2	2	2	3	3	3	2	2	2	2	2
80302	3	3	3	3	3	3	2	2	2	2	2
80302	3	3	2	3	2	3	2	2	3	2	2
80302	2	4	4	3	99	3	3	2	99	2	2
80302	4	4	4	1	1	1	1	4	4	4	2
80302	4	4	4	3	3	2	2	2	2	3	2
80302	1	1	1	1	1	1	4	4	4	4	2
90301	3	3	3	3	3	3	2	2	2	2	2
90301	2	1	2	99	99	99	99	99	99	99	2
90301	2	1	99	3	3	3	2	2	2	2	2
90301	4	4	4	1	1	1	4	4	4	4	2
90301	3	3	3	3	2	1	3	2	3	4	2
90301	3	3	3	2	3	2	3	3	2	3	2
90301	3	2	3	3	3	2	99	2	2	3	2
90301	4	4	4	1	1	1	4	4	4	4	2
90301	3	3	1	4	3	3	3	1	2	2	2
90301	3	3	3	4	3	3	3	1	2	2	2
90301	3	2	3	3	3	3	99	2	2	2	2
90301	3	2	3	3	3	3	3	2	2	2	2
90301	3	3	3	4	3	3	2	1	2	2	2
90301	4	4	4	2	99	4	99	3	99	1	2
90301	4	4	4	1	99	1	4	4	99	4	2
90301	2	2	2	2	1	1	3	3	4	4	2
90301	4	4	4	3	1	3	1	2	4	2	2
90301	3	1	2	1	1	1	1	4	4	4	2
90301	3	4	4	2	2	2	3	3	3	3	2
90301	3	3	3	3	3	2	3	2	2	3	2
90301	4	3	4	3	1	2	4	2	4	3	2
90301	3	2	2	4	4	2	1	1	1	3	2
120302	4	4	4	1	2	4	3	4	3	1	2
120302	2	3	3	3	3	3	2	2	2	2	2
120302	1	1	2	3	3	3	2	2	2	2	2
120302	3	2	99	3	3	3	3	2	2	2	2
120302	3	3	3	3	3	3	1	2	2	2	2
120302	4	4	4	4	3	4	1	1	2	1	2
120302	4	3	3	3	99	2	2	2	99	3	2
120302	1	1	1	4	2	3	2	1	3	2	2
120302	2	4	2	3	2	2	2	2	3	3	2
120302	3	2	2	3	3	3	2	2	2	2	2
120302	3	3	2	3	3	3	2	2	2	2	2
120302	3	1	2	3	3	3	99	2	2	2	2
120302	4	2	3	3	3	2	2	2	2	3	2
120302	3	3	3	3	3	3	2	2	2	2	2
120302	3	3	3	3	2	2	2	2	3	3	2
120302	4	4	4	1	1	2	2	4	4	3	2
120302	4	4	4	2	3	3	4	3	2	2	2
120302	4	3	4	2	3	2	2	3	2	3	2
120302	2	4	3	3	1	2	3	2	4	3	2
120302	2	3	2	3	2	3	1	2	3	2	2
120302	4	4	4	3	3	3	1	2	2	2	2
120302	3	4	3	4	1	2	2	1	4	3	2
120302	3	3	3	3	2	2	3	2	3	3	2
120302	4	4	3	1	1	1	3	4	4	4	2
120302	3	3	3	2	2	2	3	3	3	3	2
120302	2	4	3	3	2	3	2	2	3	2	2
120302	4	4	3	3	2	1	3	2	3	4	2
120303	3	3	2	3	2	4	4	2	3	1	2
120303	3	3	2	3	2	2	3	2	3	3	2
120303	2	3	2	3	3	3	3	2	2	2	2
120303	2	4	2	2	3	2	1	3	2	3	2
120303	4	4	2	1	1	3	1	4	4	2	2
120303	3	3	2	3	3	3	2	2	2	2	2
120303	4	4	3	3	2	99	2	2	3	99	2
120303	2	3	1	3	2	3	3	2	3	2	2
120303	4	4	4	3	4	3	2	2	1	2	2
120303	2	3	1	3	3	3	3	2	2	2	2
120303	3	4	3	3	2	3	3	2	3	2	2
120303	2	2	3	4	1	2	1	1	4	3	2
120303	3	3	3	3	99	3	2	2	99	2	2
120303	3	2	3	3	2	2	3	2	3	3	2
120303	3	3	2	1	1	1	4	4	4	4	2
120303	3	4	3	3	2	3	2	2	3	2	2
120303	3	3	3	3	2	2	2	2	3	3	2
120303	3	3	3	3	2	3	2	2	3	2	2
120303	3	3	3	4	3	3	2	1	2	2	2
120303	3	2	1	4	2	3	2	1	3	2	2
120303	3	3	2	4	2	3	1	1	3	2	2
120303	2	3	2	1	2	2	3	4	3	3	2
120303	2	3	2	1	3	2	3	4	2	3	2
120305	2	3	2	3	3	2	1	2	2	3	2
120305	3	2	2	3	3	3	1	2	2	2	2
120305	3	4	3	3	3	3	2	2	2	2	2
120305	4	3	3	3	3	2	2	2	2	3	2
120305	3	2	1	3	3	3	2	2	2	2	2
120305	1	4	1	3	3	3	2	2	2	2	2
120305	1	1	1	3	1	1	3	2	4	4	2
120305	2	1	1	3	2	3	2	2	3	2	2
120305	3	3	3	3	3	3	2	2	2	2	2
120305	3	3	3	3	3	3	2	2	2	2	2
120305	3	3	3	3	2	3	2	2	3	2	2
120305	3	3	3	3	2	3	3	2	3	2	2
120305	4	3	3	3	1	3	2	2	4	2	2
120305	1	3	1	3	4	4	1	2	1	1	2
120305	2	3	2	4	3	3	2	1	2	2	2
120305	2	3	2	3	3	99	99	2	2	99	2
120305	2	3	2	3	3	99	99	2	2	99	2
120305	3	3	3	3	2	3	3	2	3	2	2
120305	3	4	1	3	3	3	2	2	2	2	2
120305	3	3	1	3	3	3	2	2	2	2	2
120305	4	2	4	1	1	1	4	4	4	4	2
120305	3	3	4	3	2	2	2	2	3	3	2
120305	3	3	99	3	3	3	2	2	2	2	2
120305	1	3	2	3	4	3	2	2	1	2	2
120306	3	1	3	4	4	4	1	1	1	1	2
120306	3	3	2	3	99	2	99	2	99	3	2
120306	3	3	3	4	2	2	2	1	3	3	2
120306	4	4	4	3	2	3	2	2	3	2	2
120306	4	4	4	3	3	2	4	2	2	3	2
120306	3	4	3	2	4	2	2	3	1	3	2
120306	3	4	3	99	99	99	2	99	99	99	2
120306	3	4	99	99	3	3	99	99	2	2	2
120306	2	2	1	4	4	3	1	1	1	2	2
120306	3	3	3	4	4	3	2	1	1	2	2
120306	3	3	3	3	3	3	2	2	2	2	2
120306	3	3	3	3	3	4	2	2	2	1	2
120306	1	3	1	2	1	1	99	3	4	4	2
120306	3	2	3	3	1	3	3	2	4	2	2
120306	2	2	2	3	3	99	2	2	2	99	2
120306	3	4	3	4	4	4	4	1	1	1	2
120306	3	3	99	3	2	3	3	2	3	2	2
120306	3	4	3	2	1	3	4	3	4	2	2
120306	4	3	3	2	4	4	99	3	1	1	2
120306	4	4	3	1	1	1	1	4	4	4	2
120306	3	4	3	3	3	3	2	2	2	2	2
120306	4	3	4	3	1	4	2	2	4	1	2
120306	1	3	1	4	4	3	1	1	1	2	2
120306	3	1	2	4	4	4	2	1	1	1	2
120306	4	4	4	1	1	1	4	4	4	4	2
120306	4	4	4	1	1	1	4	4	4	4	2
120306	3	1	2	4	3	4	1	1	2	1	2
120306	3	4	3	1	1	1	3	4	4	4	2
130301	4	4	4	1	1	1	4	4	4	4	2
130301	4	4	4	2	2	2	3	3	3	3	2
130301	4	4	4	3	1	2	2	2	4	3	2
130301	3	4	3	3	2	2	2	2	3	3	2
130301	4	4	3	3	1	3	2	2	4	2	2
130301	3	3	3	2	1	2	4	3	4	3	2
130301	4	4	3	3	2	2	3	2	3	3	2
130301	4	4	4	3	1	3	1	2	4	2	2
130301	3	2	2	4	3	4	1	1	2	1	2
130301	3	3	2	3	2	2	3	2	3	3	2
130301	4	4	4	2	1	1	3	3	4	4	2
130301	4	4	4	3	2	3	2	2	3	2	2
130301	4	4	4	1	1	1	4	4	4	4	2
130301	4	3	4	4	4	4	1	1	1	1	2
130301	3	2	2	3	3	3	2	2	2	2	2
130301	4	2	3	4	99	4	2	1	99	1	2
130301	4	3	4	3	2	2	2	2	3	3	2
130301	3	3	3	3	2	2	3	2	3	3	2
130301	3	3	3	3	3	3	2	2	2	2	2
130302	3	3	2	3	3	3	2	2	2	2	2
130302	4	3	3	99	2	3	2	99	3	2	2
130302	2	1	1	3	3	3	1	2	2	2	2
130302	4	4	3	3	3	3	99	2	2	2	2
130302	2	3	2	4	3	3	2	1	2	2	2
130302	3	3	3	4	99	4	3	1	99	1	2
130302	3	4	3	3	2	3	3	2	3	2	2
130302	3	4	4	4	3	3	1	1	2	2	2
130302	2	2	2	4	4	4	1	1	1	1	2
130302	1	1	1	3	3	3	99	2	2	2	2
130302	2	3	3	3	2	3	3	2	3	2	2
130302	4	4	4	3	2	2	3	2	3	3	2
130302	4	2	4	4	4	4	2	1	1	1	2
130302	4	4	4	4	2	2	4	1	3	3	2
130302	2	1	2	4	4	4	1	1	1	1	2
130302	4	3	3	2	1	3	3	3	4	2	2
130302	2	1	3	2	1	3	1	3	4	2	2
130302	1	1	2	4	4	3	1	1	1	2	2
130302	3	4	3	3	2	4	3	2	3	1	2
130302	4	4	4	4	4	3	1	1	1	2	2
130305	3	3	3	3	3	3	2	2	2	2	2
130305	1	3	1	4	2	4	1	1	3	1	2
130305	2	1	2	4	1	3	2	1	4	2	2
130305	2	1	2	3	3	3	2	2	2	2	2
130305	4	3	3	4	4	3	3	1	1	2	2
130305	3	2	2	3	3	3	3	2	2	2	2
130305	1	1	1	99	99	3	99	99	99	2	2
130305	3	3	3	3	3	3	2	2	2	2	2
130305	4	2	2	3	2	2	2	2	3	3	2
130305	1	1	1	3	99	3	2	2	99	2	2
130305	2	1	2	3	3	3	1	2	2	2	2
130305	2	3	1	3	3	3	1	2	2	2	2
130305	3	4	3	3	3	2	3	2	2	3	2
130305	2	2	2	3	3	3	2	2	2	2	2
130305	3	2	2	3	3	3	2	2	2	2	2
130305	4	4	3	3	99	99	99	2	99	99	2
130305	1	2	2	3	2	3	2	2	3	2	2
130305	4	4	4	3	2	3	2	2	3	2	2
130305	2	2	2	4	1	3	2	1	4	2	2
130305	3	1	2	3	3	3	2	2	2	2	2
160301	3	2	2	3	3	3	2	2	2	2	2
160301	1	2	1	4	4	3	1	1	1	2	2
160301	3	3	3	3	4	3	4	2	1	2	2
160301	4	4	4	1	1	3	2	4	4	2	2
160301	4	3	3	1	1	1	4	4	4	4	2
160301	2	1	2	4	2	4	2	1	3	1	2
160301	1	4	4	1	1	1	4	4	4	4	2
160301	4	4	4	4	4	4	3	1	1	1	2
160301	1	1	1	3	2	3	3	2	3	2	2
160301	2	3	1	4	4	3	1	1	1	2	2
160301	1	1	1	4	4	4	1	1	1	1	2
160301	4	2	3	2	3	2	2	3	2	3	2
160301	4	3	99	2	1	1	3	3	4	4	2
160301	2	3	2	3	99	99	99	2	99	99	2
160303	4	3	3	4	3	4	99	1	2	1	2
160303	3	2	3	4	4	4	1	1	1	1	2
160303	4	4	3	2	3	2	3	3	2	3	2
160303	2	2	3	4	4	4	1	1	1	1	2
160303	3	2	3	3	4	3	2	2	1	2	2
160303	3	3	3	3	3	3	2	2	2	2	2
160303	1	1	2	4	4	4	1	1	1	1	2
160303	2	1	3	3	3	4	2	2	2	1	2
160303	4	3	4	3	3	3	2	2	2	2	2
160303	3	3	2	2	3	4	2	3	2	1	2
160303	1	1	2	4	3	3	1	1	2	2	2
160303	3	3	99	2	2	99	3	3	3	99	2
160303	3	2	3	2	3	3	2	3	2	2	2
160303	1	1	1	3	3	3	2	2	2	2	2
230307	4	4	3	3	99	99	2	2	99	99	2
230307	2	1	1	2	3	4	3	3	2	1	2
230307	2	2	1	4	2	3	2	1	3	2	2
230307	2	2	2	3	3	2	2	2	2	3	2
230307	3	3	99	4	4	4	1	1	1	1	2
230307	2	3	2	3	3	3	2	2	2	2	2
230307	4	4	4	4	1	1	4	1	4	4	2
230307	3	3	4	3	3	2	2	2	2	3	2
230307	2	4	2	2	2	1	2	3	3	4	2
230307	4	3	4	3	1	1	2	2	4	4	2
230307	3	4	3	4	3	3	1	1	2	2	2
230307	4	4	4	1	1	1	4	4	4	4	2
230307	1	4	2	1	1	1	4	4	4	4	2
230307	3	3	3	3	3	3	2	2	2	2	2
230307	4	4	4	1	1	1	4	4	4	4	2
230307	4	4	4	3	1	3	3	2	4	2	2
230307	3	3	2	3	2	3	2	2	3	2	2
230307	3	3	3	4	3	3	99	1	2	2	2
230307	4	4	3	4	4	4	1	1	1	1	2
300301	2	2	2	3	1	3	3	2	4	2	2
300301	1	1	1	4	4	4	1	1	1	1	2
300301	4	4	2	3	3	2	2	2	2	3	2
300301	4	3	1	1	1	4	4	4	4	1	2
300301	2	1	2	4	3	4	1	1	2	1	2
300301	3	3	2	3	3	4	1	2	2	1	2
300301	4	4	3	4	4	4	1	1	1	1	2
300301	3	4	3	4	3	4	2	1	2	1	2
300301	4	4	4	1	2	3	99	4	3	2	2
300301	4	4	4	1	2	3	99	4	3	2	2
300301	3	4	99	4	4	4	1	1	1	1	2
300301	4	1	3	4	3	3	1	1	2	2	2
300301	2	3	2	4	3	4	2	1	2	1	2
300301	3	1	3	4	4	4	1	1	1	1	2
300301	4	4	99	4	4	4	1	1	1	1	2
300301	3	3	3	3	1	3	2	2	4	2	2
300301	3	4	4	3	3	4	2	2	2	1	2
300301	3	4	4	1	3	1	2	4	2	4	2
320307	3	2	2	4	3	4	2	1	2	1	2
320307	3	2	2	4	4	4	2	1	1	1	2
320307	3	4	3	3	99	3	99	2	99	2	2
320307	2	3	2	3	3	3	2	2	2	2	2
320307	3	3	3	3	3	3	2	2	2	2	2
320307	3	3	3	3	3	3	2	2	2	2	2
320307	3	3	3	3	3	3	2	2	2	2	2
320307	3	3	3	3	2	3	2	2	3	2	2
320307	1	1	1	4	4	4	1	1	1	1	2
320307	2	3	2	3	2	2	2	2	3	3	2
320307	4	3	3	3	99	4	4	2	99	1	2
320307	2	3	3	3	3	4	99	2	2	1	2
320307	3	3	3	4	3	4	1	1	2	1	2
320307	1	2	1	4	4	4	1	1	1	1	2
320307	2	4	2	3	2	1	2	2	3	4	2
320307	1	1	1	4	3	3	2	1	2	2	2
320307	3	4	3	3	3	3	2	2	2	2	2
320307	1	2	2	4	3	3	2	1	2	2	2
320307	1	1	1	4	3	4	1	1	2	1	2
330303	1	1	2	3	1	3	2	2	4	2	2
330303	2	3	2	3	3	3	3	2	2	2	2
330303	3	2	2	3	2	4	1	2	3	1	2
330303	3	3	2	4	2	3	3	1	3	2	2
330303	3	4	4	4	1	3	1	1	4	2	2
330303	4	3	3	4	4	4	2	1	1	1	2
330303	3	3	3	4	3	3	99	1	2	2	2
330303	3	2	2	3	3	3	2	2	2	2	2
330303	1	1	1	3	3	4	99	2	2	1	2
330303	3	3	3	3	3	3	1	2	2	2	2
330303	3	2	3	3	2	1	3	2	3	4	2
330303	4	3	3	3	3	3	2	2	2	2	2
330303	1	1	1	4	3	4	1	1	2	1	2
330303	4	4	4	3	3	3	3	2	2	2	2
330303	1	1	1	3	4	4	1	2	1	1	2
330303	1	2	2	99	99	99	99	99	99	99	2
330303	3	1	2	3	3	3	2	2	2	2	2
330303	1	1	1	4	4	3	1	1	1	2	2
330303	1	4	4	4	4	1	4	1	1	4	2
330303	3	3	4	3	3	4	1	2	2	1	2
330303	3	4	4	1	4	3	2	4	1	2	2
430305	2	1	1	3	4	4	1	2	1	1	2
430305	3	1	1	4	2	4	3	1	3	1	2
430305	2	3	1	3	2	2	2	2	3	3	2
430305	3	3	3	4	3	3	2	1	2	2	2
430305	3	1	4	4	3	3	1	1	2	2	2
430305	1	4	1	4	4	4	1	1	1	1	2
430305	4	3	2	3	3	99	2	2	2	99	2
430305	2	2	2	3	3	3	2	2	2	2	2
430305	4	3	3	4	3	3	99	1	2	2	2
430305	2	2	2	3	2	3	2	2	3	2	2
430305	4	3	3	1	1	1	4	4	4	4	2
430305	4	2	2	2	3	2	4	3	2	3	2
430305	4	4	4	3	3	3	3	2	2	2	2
430305	4	3	4	3	3	3	2	2	2	2	2
430305	3	3	3	3	4	4	1	2	1	1	2
430305	2	1	1	4	3	4	1	1	2	1	2
430305	2	4	1	4	3	2	2	1	2	3	2
430305	3	3	3	3	4	3	2	2	1	2	2
430305	4	3	4	2	2	1	3	3	3	4	2
430305	4	4	4	3	2	3	2	2	3	2	2
430305	4	3	4	3	2	3	3	2	3	2	2
430305	4	2	4	4	2	2	2	1	3	3	2
430305	3	4	4	2	3	1	4	3	2	4	2
430305	3	4	4	3	2	4	99	2	3	1	2
430305	3	3	3	3	3	3	2	2	2	2	2
430305	3	3	2	3	3	3	2	2	2	2	2
520304	3	3	3	2	3	3	2	3	2	2	2
520304	4	3	4	3	3	3	99	2	2	2	2
520304	3	3	3	3	3	3	2	2	2	2	2
520304	4	4	4	3	3	2	2	2	2	3	2
520304	2	4	4	3	3	3	3	2	2	2	2
520304	3	4	4	4	4	4	1	1	1	1	2
520304	2	3	2	3	3	2	3	2	2	3	2
520304	4	2	3	4	3	4	2	1	2	1	2
520304	3	3	3	3	3	3	1	2	2	2	2
520304	4	4	3	3	1	2	3	2	4	3	2
520304	4	4	3	2	2	2	2	3	3	3	2
520304	4	4	4	2	2	2	2	3	3	3	2
520304	2	3	3	3	3	2	2	2	2	3	2
520304	2	3	3	3	3	2	3	2	2	3	2
520304	3	3	3	4	3	3	1	1	2	2	2
520304	1	2	1	4	4	4	1	1	1	1	2
520304	3	3	3	3	3	3	2	2	2	2	2
520304	4	2	3	4	1	2	3	1	4	3	2
520304	4	3	4	99	4	4	4	99	1	1	2
520304	4	3	4	4	99	99	99	1	99	99	2
520304	3	3	3	3	3	3	2	2	2	2	2
520304	4	3	4	4	3	3	2	1	2	2	2
520304	3	3	3	4	3	4	1	1	2	1	2
520304	3	2	2	2	3	2	2	3	2	3	2
520351	1	4	1	3	2	2	2	2	3	3	2
520351	3	2	2	4	3	3	1	1	2	2	2
520351	3	3	4	3	3	4	2	2	2	1	2
520351	3	3	2	3	3	3	3	2	2	2	2
520351	3	3	2	4	3	4	2	1	2	1	2
520351	1	2	2	4	4	4	1	1	1	1	2
520351	3	4	1	1	1	1	1	4	4	4	2
520351	4	1	3	3	3	3	2	2	2	2	2
520351	1	4	1	3	3	3	2	2	2	2	2
520351	1	4	2	4	4	4	1	1	1	1	2
520351	1	3	1	3	3	3	99	2	2	2	2
520351	3	2	3	3	2	3	2	2	3	2	2
520351	3	3	3	3	3	99	2	2	2	99	2
520351	3	3	3	3	2	3	1	2	3	2	2
520351	1	1	1	3	2	3	1	2	3	2	2
520351	3	3	3	3	2	3	2	2	3	2	2
520351	3	3	3	3	2	3	2	2	3	2	2
520351	3	3	2	4	2	4	3	1	3	1	2
520351	3	2	3	3	2	3	3	2	3	2	2
520351	3	4	2	3	3	3	2	2	2	2	2
520351	2	3	3	4	2	4	2	1	3	1	2
520351	3	2	3	3	3	3	2	2	2	2	2
520351	3	3	3	4	3	3	1	1	2	2	2
520351	4	1	4	3	3	3	2	2	2	2	2
520351	3	3	2	3	3	2	2	2	2	3	2
520351	3	3	3	2	1	1	4	3	4	4	2
520351	2	2	1	4	3	3	2	1	2	2	2
520351	2	2	2	3	3	2	3	2	2	3	2
550202	3	4	4	3	2	3	2	2	3	2	2
550202	3	4	4	3	3	4	2	2	2	1	2
550202	3	2	3	3	3	3	2	2	2	2	2
550202	2	3	2	3	1	4	4	2	4	1	2
550202	3	3	3	3	3	3	2	2	2	2	2
550202	3	3	3	99	3	3	99	99	2	2	2
550202	3	2	4	1	2	99	3	4	3	99	2
550202	3	3	3	3	2	3	3	2	3	2	2
550202	2	2	3	3	3	2	2	2	2	3	2
550202	3	3	3	2	1	2	3	3	4	3	2
550202	2	3	2	3	1	3	2	2	4	2	2
550202	3	3	2	3	3	3	2	2	2	2	2
550202	2	3	2	3	3	3	2	2	2	2	2
550202	4	3	4	4	4	3	1	1	1	2	2
560302	4	3	99	2	3	3	3	3	2	2	2
560302	3	3	3	3	3	3	1	2	2	2	2
560302	3	4	4	3	3	3	2	2	2	2	2
560302	4	3	3	4	3	3	2	1	2	2	2
560302	4	4	4	3	3	3	2	2	2	2	2
560302	4	4	4	3	1	3	3	2	4	2	2
560302	3	4	4	3	3	3	2	2	2	2	2
560302	4	4	4	1	2	1	3	4	3	4	2
560302	3	3	3	99	2	99	99	99	3	99	2
560302	4	4	4	99	99	99	1	99	99	99	2
560302	4	4	4	3	99	4	99	2	99	1	2
560302	4	4	4	3	3	3	2	2	2	2	2
560302	4	4	4	1	1	1	1	4	4	4	2
560302	3	2	3	3	3	3	2	2	2	2	2
560302	3	3	3	3	3	3	2	2	2	2	2
10101	4	4	4	3	3	3	3	2	2	2	2
10101	2	1	3	4	1	3	1	1	4	2	2
10101	4	4	3	99	1	3	99	99	4	2	2
10101	4	3	4	4	99	4	3	1	99	1	2
10101	4	4	4	3	3	3	2	2	2	2	2
10102	4	4	3	2	1	2	2	3	4	3	2
10102	4	3	3	99	99	99	2	99	99	99	2
10102	3	4	99	3	99	3	99	2	99	2	2
10102	3	4	3	3	99	3	99	2	99	2	2
10102	4	4	99	99	4	4	99	99	1	1	2
10102	4	2	4	3	3	3	99	2	2	2	2
10102	4	4	4	1	1	1	4	4	4	4	2
10102	3	3	3	4	4	4	1	1	1	1	2
10102	3	3	3	3	3	3	1	2	2	2	2
10102	2	2	2	4	1	3	4	1	4	2	2
10102	2	2	2	3	3	3	2	2	2	2	2
10102	2	3	2	3	4	4	2	2	1	1	2
10102	2	2	2	4	99	4	1	1	99	1	2
10102	2	1	2	4	3	4	2	1	2	1	2
10102	3	4	4	3	2	2	99	2	3	3	2
10102	4	4	4	1	1	1	1	4	4	4	2
10102	3	3	3	4	4	4	1	1	1	1	2
10401	3	3	3	3	3	2	2	2	2	3	2
10401	3	3	3	3	99	3	2	2	99	2	2
10401	3	4	4	3	99	3	99	2	99	2	2
10401	3	3	2	3	3	3	3	2	2	2	2
10401	3	3	3	3	99	3	1	2	99	2	2
10401	4	4	4	4	4	4	1	1	1	1	2
10401	1	4	1	3	2	4	3	2	3	1	2
10401	3	3	3	99	99	99	99	99	99	99	2
10401	1	2	2	3	3	3	2	2	2	2	2
10401	1	1	1	4	1	1	4	1	4	4	2
10401	3	1	3	4	2	99	99	1	3	99	2
10401	2	2	2	3	3	3	1	2	2	2	2
10401	2	3	2	4	4	4	1	1	1	1	2
10401	2	2	1	4	3	3	1	1	2	2	2
10401	3	3	99	4	3	4	1	1	2	1	2
10501	1	1	2	3	3	3	2	2	2	2	2
10501	1	2	1	4	4	4	1	1	1	1	2
10501	3	4	2	3	3	4	1	2	2	1	2
10501	3	2	2	4	4	4	1	1	1	1	2
10501	3	2	3	3	99	3	2	2	99	2	2
10501	3	4	3	3	3	3	2	2	2	2	2
10501	3	3	2	3	3	3	1	2	2	2	2
10501	3	3	3	3	3	3	1	2	2	2	2
10501	2	3	2	3	3	3	1	2	2	2	2
10501	2	2	2	3	3	4	1	2	2	1	2
10501	2	4	1	3	2	3	2	2	3	2	2
10501	4	4	4	1	1	1	4	4	4	4	2
10501	3	3	3	3	4	2	1	2	1	3	2
10501	2	2	1	2	99	1	4	3	99	4	2
10501	3	3	3	3	3	3	2	2	2	2	2
10501	2	4	3	4	3	4	2	1	2	1	2
10501	3	3	3	3	2	3	2	2	3	2	2
20101	4	3	2	4	2	3	2	1	3	2	2
20101	3	3	4	3	4	1	1	2	1	4	2
20101	3	2	2	4	99	3	99	1	99	2	2
20101	3	3	3	3	3	3	2	2	2	2	2
20101	4	4	4	3	3	3	2	2	2	2	2
20101	2	2	2	3	3	3	2	2	2	2	2
20101	3	3	3	3	3	3	99	2	2	2	2
20101	2	1	1	4	4	4	1	1	1	1	2
20101	3	3	3	3	3	3	2	2	2	2	2
20101	3	4	1	3	3	3	2	2	2	2	2
20101	3	3	2	4	4	4	1	1	1	1	2
20101	4	3	3	3	3	2	2	2	2	3	2
20101	1	1	1	1	1	1	3	4	4	4	2
20103	4	4	3	1	3	3	1	4	2	2	2
20103	4	3	4	4	4	4	2	1	1	1	2
20103	4	4	3	3	4	3	99	2	1	2	2
20103	3	3	3	3	3	3	2	2	2	2	2
20103	3	3	3	3	3	4	2	2	2	1	2
20103	3	3	3	3	3	3	2	2	2	2	2
20103	2	1	2	1	1	1	1	4	4	4	2
20103	1	1	1	1	1	2	4	4	4	3	2
20103	3	4	2	2	1	3	2	3	4	2	2
20103	4	4	2	3	3	4	2	2	2	1	2
20103	2	3	1	1	2	2	3	4	3	3	2
20103	4	4	4	4	2	4	1	1	3	1	2
20103	3	3	2	4	4	4	1	1	1	1	2
20103	3	1	3	4	3	3	1	1	2	2	2
20103	3	3	2	3	2	2	2	2	3	3	2
20103	3	4	4	4	3	3	2	1	2	2	2
20103	4	4	4	3	3	4	1	2	2	1	2
20103	4	3	3	3	4	4	4	2	1	1	2
20103	3	4	3	3	4	4	2	2	1	1	2
20103	3	2	2	3	3	4	2	2	2	1	2
20103	1	3	3	2	3	3	2	3	2	2	2
20103	4	3	3	3	3	3	2	2	2	2	2
20103	3	4	3	3	3	1	99	2	2	4	2
20103	2	2	2	3	3	3	2	2	2	2	2
30101	2	3	2	4	3	4	1	1	2	1	2
30101	3	4	3	3	2	3	2	2	3	2	2
30101	3	4	2	4	4	4	2	1	1	1	2
30101	3	4	2	4	4	3	1	1	1	2	2
30101	4	4	99	4	4	2	3	1	1	3	2
30101	4	3	3	4	3	3	99	1	2	2	2
30101	4	3	4	3	3	3	2	2	2	2	2
30101	4	4	3	3	3	3	2	2	2	2	2
30101	2	2	2	3	4	3	2	2	1	2	2
30101	3	3	2	3	3	1	2	2	2	4	2
30101	3	3	99	4	4	4	1	1	1	1	2
30101	3	3	99	3	3	3	99	2	2	2	2
30101	2	3	2	3	3	3	1	2	2	2	2
30101	4	3	3	4	3	3	2	1	2	2	2
30101	4	3	3	3	3	3	2	2	2	2	2
30101	3	4	99	4	4	4	99	1	1	1	2
30101	4	4	4	4	4	4	4	1	1	1	2
30101	2	4	2	3	1	3	2	2	4	2	2
30101	4	3	4	3	2	2	4	2	3	3	2
30102	4	4	4	1	1	1	1	4	4	4	2
30102	4	4	4	1	1	1	4	4	4	4	2
30102	4	4	4	1	3	1	4	4	2	4	2
30102	3	1	3	2	3	3	1	3	2	2	2
30102	4	4	4	1	1	1	4	4	4	4	2
30102	3	3	99	4	3	4	2	1	2	1	2
30102	1	3	1	3	3	2	99	2	2	3	2
30102	3	3	99	3	3	3	2	2	2	2	2
30102	4	4	4	3	1	1	1	2	4	4	2
30102	4	2	1	4	4	3	1	1	1	2	2
30102	3	4	99	99	4	4	99	99	1	1	2
30102	3	1	99	3	3	3	1	2	2	2	2
30102	3	2	2	4	4	4	4	1	1	1	2
30102	1	1	1	4	3	4	1	1	2	1	2
30102	3	2	2	4	4	4	1	1	1	1	2
30102	4	4	4	1	1	1	4	4	4	4	2
30102	3	4	3	4	4	4	2	1	1	1	2
30102	2	4	2	4	3	4	2	1	2	1	2
30102	4	4	4	99	2	3	99	99	3	2	2
30102	3	4	99	4	4	4	2	1	1	1	2
30102	1	2	2	4	4	4	1	1	1	1	2
30103	3	3	3	99	99	3	99	99	99	2	2
30103	3	3	99	4	4	4	1	1	1	1	2
30103	1	1	1	3	3	3	2	2	2	2	2
30103	4	3	2	3	3	2	2	2	2	3	2
30103	1	1	1	99	99	99	99	99	99	99	2
30103	4	4	4	4	3	4	1	1	2	1	2
30103	2	2	1	4	3	3	1	1	2	2	2
30103	3	3	4	4	4	4	1	1	1	1	2
30103	1	2	99	3	4	4	1	2	1	1	2
30103	3	2	99	99	99	99	99	99	99	99	2
30103	4	4	3	4	4	4	1	1	1	1	2
30103	4	3	4	4	4	2	3	1	1	3	2
30103	3	3	3	4	99	99	4	1	99	99	2
30103	4	4	2	4	4	2	1	1	1	3	2
30103	3	4	4	2	3	3	1	3	2	2	2
30103	2	3	1	3	3	3	1	2	2	2	2
30103	3	3	3	4	4	4	1	1	1	1	2
30104	4	3	4	3	3	3	1	2	2	2	2
30104	3	3	2	2	3	99	4	3	2	99	2
30104	4	3	4	3	4	4	1	2	1	1	2
30104	2	1	1	3	3	4	2	2	2	1	2
30104	4	3	4	3	3	3	1	2	2	2	2
30104	2	1	1	3	3	4	2	2	2	1	2
30104	3	4	4	4	4	4	1	1	1	1	2
30104	4	4	3	3	3	3	1	2	2	2	2
30104	3	3	3	3	3	3	2	2	2	2	2
30104	2	1	3	3	3	3	3	2	2	2	2
30104	2	1	1	3	3	3	99	2	2	2	2
30104	3	3	99	4	4	4	1	1	1	1	2
30104	3	3	1	3	3	3	2	2	2	2	2
30104	2	1	3	3	3	2	3	2	2	3	2
30106	2	4	2	4	3	4	4	1	2	1	2
30106	4	2	4	1	1	1	1	4	4	4	2
30106	3	3	2	3	2	3	99	2	3	2	2
30106	3	4	4	3	2	3	99	2	3	2	2
30106	3	3	3	3	3	3	2	2	2	2	2
30106	1	4	4	1	1	1	4	4	4	4	2
30106	3	4	3	3	3	3	2	2	2	2	2
30106	3	4	3	3	2	3	3	2	3	2	2
30106	4	4	4	2	3	3	2	3	2	2	2
30106	4	2	2	4	4	4	2	1	1	1	2
30106	4	3	1	1	1	2	3	4	4	3	2
30106	1	1	2	2	2	1	3	3	3	4	2
30106	3	2	3	1	1	1	1	4	4	4	2
30106	4	4	3	4	3	3	2	1	2	2	2
30106	3	4	99	4	4	4	1	1	1	1	2
30106	3	3	3	3	2	3	2	2	3	2	2
30106	1	3	1	4	4	4	1	1	1	1	2
30106	4	4	2	4	1	4	4	1	4	1	2
30106	3	3	3	4	4	4	3	1	1	1	2
30106	4	4	4	2	1	1	1	3	4	4	2
30106	3	3	3	4	4	3	2	1	1	2	2
30107	3	2	3	3	3	3	2	2	2	2	2
30107	4	4	4	1	3	1	3	4	2	4	2
30107	3	2	3	4	4	3	2	1	1	2	2
30107	3	2	3	4	4	3	1	1	1	2	2
30107	4	3	4	2	2	1	3	3	3	4	2
30107	4	4	4	3	99	4	99	2	99	1	2
30107	2	3	3	3	3	3	2	2	2	2	2
30107	3	3	3	3	2	99	99	2	3	99	2
30107	4	4	3	3	3	3	3	2	2	2	2
30107	4	4	4	3	3	4	2	2	2	1	2
30107	3	3	3	3	3	2	2	2	2	3	2
30107	2	2	3	3	3	2	2	2	2	3	2
30107	2	3	3	4	4	4	1	1	1	1	2
30107	1	3	2	3	3	3	2	2	2	2	2
30107	4	3	3	4	4	4	1	1	1	1	2
30108	1	1	1	99	99	3	1	99	99	2	2
30108	1	1	1	4	4	4	1	1	1	1	2
30108	3	1	3	4	4	4	1	1	1	1	2
30108	3	2	1	4	4	4	4	1	1	1	2
30108	1	1	1	4	4	4	1	1	1	1	2
30108	2	1	1	3	3	3	99	2	2	2	2
30108	2	3	2	2	2	2	1	3	3	3	2
30108	2	3	3	4	2	4	1	1	3	1	2
30108	1	3	1	4	4	4	1	1	1	1	2
30108	1	2	1	4	3	99	2	1	2	99	2
30108	2	3	2	3	3	3	3	2	2	2	2
30108	3	3	3	99	99	2	99	99	99	3	2
30108	2	4	3	4	3	4	2	1	2	1	2
30108	2	2	2	2	2	3	1	3	3	2	2
30108	1	2	2	2	2	3	1	3	3	2	2
30108	2	1	1	1	1	4	2	4	4	1	2
30108	2	3	99	3	3	3	99	2	2	2	2
30309	3	3	2	4	4	3	2	1	1	2	2
30309	3	3	3	3	2	3	2	2	3	2	2
30309	4	4	4	3	2	2	4	2	3	3	2
30309	4	3	4	3	2	2	3	2	3	3	2
30309	3	2	2	4	4	4	1	1	1	1	2
30309	4	4	4	2	2	1	3	3	3	4	2
30309	4	4	4	2	1	1	4	3	4	4	2
30309	3	3	3	3	2	3	2	2	3	2	2
30309	3	3	3	3	3	3	2	2	2	2	2
30309	3	3	2	3	3	3	99	2	2	2	2
30309	2	4	2	3	3	3	2	2	2	2	2
30309	4	4	4	3	3	3	2	2	2	2	2
30309	3	2	3	3	99	3	2	2	99	2	2
30309	2	2	2	3	3	3	2	2	2	2	2
30309	3	2	99	4	4	4	1	1	1	1	2
30309	1	2	1	4	4	4	1	1	1	1	2
30309	2	2	2	3	3	3	99	2	2	2	2
30309	4	4	3	99	1	1	3	99	4	4	2
30309	1	1	1	4	4	4	1	1	1	1	2
60101	4	4	4	3	99	3	99	2	99	2	2
60101	4	2	2	4	4	4	2	1	1	1	2
60101	4	2	2	4	1	1	3	1	4	4	2
60101	2	3	3	3	2	3	3	2	3	2	2
60101	3	2	4	3	3	2	99	2	2	3	2
60101	2	4	4	3	3	4	1	2	2	1	2
60101	2	4	4	3	3	4	1	2	2	1	2
60101	1	1	2	4	2	3	2	1	3	2	2
60101	4	4	4	3	2	1	1	2	3	4	2
60101	2	1	1	4	99	99	99	1	99	99	2
60101	2	2	2	3	4	4	2	2	1	1	2
60101	3	2	3	4	99	3	2	1	99	2	2
60101	3	2	2	3	4	4	3	2	1	1	2
60101	2	2	1	3	3	3	1	2	2	2	2
60102	4	4	4	1	1	1	1	4	4	4	2
60102	1	4	4	3	3	3	1	2	2	2	2
60102	4	4	4	4	3	99	2	1	2	99	2
60102	3	3	2	3	2	2	2	2	3	3	2
60102	4	4	4	1	1	1	4	4	4	4	2
60102	2	2	2	3	3	3	99	2	2	2	2
60102	2	2	2	3	99	99	99	2	99	99	2
60102	3	3	4	3	3	3	2	2	2	2	2
60102	4	4	3	1	3	2	2	4	2	3	2
60102	2	1	2	4	4	4	1	1	1	1	2
60102	2	3	2	3	2	1	3	2	3	4	2
60102	4	4	4	1	1	1	4	4	4	4	2
60102	3	4	4	3	4	99	2	2	1	99	2
60102	3	3	4	3	3	3	3	2	2	2	2
60102	4	4	4	3	3	99	1	2	2	99	2
60102	4	4	4	3	3	3	2	2	2	2	2
60102	4	4	4	1	1	1	4	4	4	4	2
60102	4	4	4	3	2	3	3	2	3	2	2
80101	1	1	1	4	4	3	2	1	1	2	2
80101	1	1	1	4	4	4	1	1	1	1	2
80101	4	3	3	3	2	3	2	2	3	2	2
80101	1	1	1	4	4	4	1	1	1	1	2
80101	1	1	1	4	3	4	1	1	2	1	2
80101	2	2	2	4	4	3	2	1	1	2	2
80101	1	1	1	4	4	4	1	1	1	1	2
80101	1	2	1	4	4	4	1	1	1	1	2
80101	2	2	2	4	4	4	1	1	1	1	2
80101	3	2	2	3	3	3	2	2	2	2	2
80103	4	1	1	4	4	4	1	1	1	1	2
80103	3	3	2	3	3	4	2	2	2	1	2
80103	3	3	3	3	2	2	3	2	3	3	2
80103	1	4	3	1	1	1	3	4	4	4	2
80103	4	2	3	3	2	3	4	2	3	2	2
80103	4	4	4	1	1	1	1	4	4	4	2
80103	4	4	4	99	99	1	4	99	99	4	2
80103	2	3	2	3	3	3	2	2	2	2	2
80103	2	3	1	4	4	4	99	1	1	1	2
80103	4	4	3	3	3	3	3	2	2	2	2
80104	4	4	4	4	4	4	2	1	1	1	2
80104	2	1	2	3	3	3	2	2	2	2	2
80104	3	3	2	2	4	2	3	3	1	3	2
80104	4	4	3	4	99	4	2	1	99	1	2
80104	4	4	4	4	1	1	4	1	4	4	2
80104	4	3	3	3	3	3	2	2	2	2	2
80104	4	4	4	99	1	3	3	99	4	2	2
80104	3	4	4	1	1	2	3	4	4	3	2
100101	2	1	2	4	3	4	2	1	2	1	2
100101	3	3	3	4	4	4	1	1	1	1	2
100101	3	1	3	3	3	3	2	2	2	2	2
100101	3	3	99	4	4	4	99	1	1	1	2
100101	3	4	4	4	3	3	2	1	2	2	2
100101	1	1	1	4	4	4	3	1	1	1	2
100101	1	1	1	4	4	4	3	1	1	1	2
100101	3	3	3	3	3	3	99	2	2	2	2
100102	4	4	4	4	4	4	2	1	1	1	2
100102	4	4	4	99	1	99	1	99	4	99	2
100102	3	4	3	3	2	4	3	2	3	1	2
100102	3	2	2	3	2	2	2	2	3	3	2
100102	2	3	4	2	3	4	3	3	2	1	2
100102	4	4	4	1	1	1	4	4	4	4	2
100102	1	4	1	1	1	1	4	4	4	4	2
100102	2	1	2	3	2	3	3	2	3	2	2
100102	3	4	4	99	99	99	99	99	99	99	2
100102	3	4	4	3	4	4	2	2	1	1	2
100102	4	4	4	3	3	3	3	2	2	2	2
100102	4	4	4	4	3	4	4	1	2	1	2
100302	3	3	2	4	3	4	1	1	2	1	2
100302	4	4	4	4	3	4	1	1	2	1	2
100302	4	3	3	2	1	2	4	3	4	3	2
100302	3	4	3	1	1	1	4	4	4	4	2
100302	4	4	4	3	2	2	99	2	3	3	2
100302	4	3	4	3	99	2	2	2	99	3	2
100302	3	3	2	3	3	3	3	2	2	2	2
100302	4	3	3	3	3	3	2	2	2	2	2
100302	1	3	2	4	4	4	1	1	1	1	2
100302	1	1	1	3	3	3	1	2	2	2	2
100302	1	3	99	3	3	3	2	2	2	2	2
100302	2	2	2	3	3	3	2	2	2	2	2
100302	4	2	4	2	2	2	2	3	3	3	2
100302	4	3	4	3	2	3	2	2	3	2	2
100302	2	1	1	4	4	3	1	1	1	2	2
100302	1	1	1	4	4	4	1	1	1	1	2
100302	2	3	2	4	4	4	1	1	1	1	2
100302	1	1	1	4	2	3	3	1	3	2	2
100302	4	4	4	3	2	3	2	2	3	2	2
100302	3	2	2	4	3	4	1	1	2	1	2
100302	2	4	2	3	3	3	2	2	2	2	2
100302	1	1	1	3	99	3	99	2	99	2	2
100302	2	2	3	4	1	1	2	1	4	4	2
100302	2	3	2	3	3	3	1	2	2	2	2
100302	3	4	3	3	2	3	3	2	3	2	2
100302	3	4	3	3	2	2	3	2	3	3	2
100302	3	3	3	3	3	3	2	2	2	2	2
100302	3	3	4	3	3	2	2	2	2	3	2
120103	4	3	2	3	99	3	2	2	99	2	2
120103	3	3	3	3	3	3	99	2	2	2	2
120103	4	3	3	3	3	3	2	2	2	2	2
120103	1	3	4	4	3	4	1	1	2	1	2
120103	3	4	3	3	99	3	2	2	99	2	2
120103	3	4	99	3	3	3	2	2	2	2	2
120103	4	4	4	1	1	1	4	4	4	4	2
120103	1	4	2	1	1	1	1	4	4	4	2
120103	4	4	3	1	1	2	2	4	4	3	2
120103	4	4	4	1	2	2	3	4	3	3	2
120105	3	3	3	3	3	3	3	2	2	2	2
120105	2	4	99	4	3	4	2	1	2	1	2
120105	4	2	4	3	2	3	3	2	3	2	2
120105	3	3	2	4	3	4	1	1	2	1	2
120105	2	3	2	4	4	4	1	1	1	1	2
120105	4	4	4	2	3	2	3	3	2	3	2
120105	3	4	3	3	2	1	1	2	3	4	2
120105	4	3	2	3	2	3	4	2	3	2	2
120105	3	4	4	4	4	4	1	1	1	1	2
120105	4	3	2	3	3	3	3	2	2	2	2
120105	4	3	3	3	3	4	1	2	2	1	2
120105	3	3	3	3	2	3	2	2	3	2	2
120105	1	2	1	4	4	4	99	1	1	1	2
120105	1	1	1	1	2	4	4	4	3	1	2
120105	4	4	3	2	2	99	4	3	3	99	2
120105	3	2	2	3	3	3	99	2	2	2	2
120105	4	4	4	4	4	4	2	1	1	1	2
120105	3	3	3	3	1	3	2	2	4	2	2
120105	4	3	99	99	99	4	99	99	99	1	2
120105	3	3	3	3	3	3	3	2	2	2	2
120105	4	4	99	4	4	2	3	1	1	3	2
120106	4	4	4	3	3	3	2	2	2	2	2
120106	3	3	3	3	3	3	2	2	2	2	2
120106	1	3	1	3	1	2	99	2	4	3	2
120106	3	2	2	3	3	3	3	2	2	2	2
120106	4	3	4	3	3	3	3	2	2	2	2
120106	3	2	2	3	3	3	3	2	2	2	2
120106	1	1	1	4	3	4	1	1	2	1	2
120106	4	3	4	4	3	3	1	1	2	2	2
120106	4	4	4	4	3	4	1	1	2	1	2
120106	1	3	2	4	4	4	1	1	1	1	2
120106	1	1	1	3	3	2	2	2	2	3	2
120106	3	3	3	4	4	2	2	1	1	3	2
120106	3	3	3	4	4	4	1	1	1	1	2
120106	4	2	1	4	3	4	1	1	2	1	2
120106	1	2	1	3	3	3	2	2	2	2	2
120106	3	2	2	3	3	3	2	2	2	2	2
120106	2	2	2	3	3	3	2	2	2	2	2
120106	3	3	3	3	1	1	2	2	4	4	2
120106	3	1	4	4	1	1	99	1	4	4	2
120106	2	1	2	3	2	4	4	2	3	1	2
120109	3	1	2	3	2	3	4	2	3	2	2
120109	4	3	3	4	3	4	99	1	2	1	2
120109	1	1	1	4	4	4	1	1	1	1	2
120109	1	1	1	4	4	4	1	1	1	1	2
120109	3	3	3	4	99	4	99	1	99	1	2
120109	3	2	3	3	2	2	1	2	3	3	2
120109	1	2	2	3	3	99	99	2	2	99	2
120109	1	2	3	4	4	4	1	1	1	1	2
120109	3	3	3	4	4	4	1	1	1	1	2
120109	2	3	2	4	3	4	2	1	2	1	2
120109	3	3	2	4	3	4	2	1	2	1	2
130101	2	3	2	4	3	3	2	1	2	2	2
130101	4	4	4	3	1	2	1	2	4	3	2
130101	4	4	3	3	1	2	2	2	4	3	2
130101	4	4	3	2	1	2	1	3	4	3	2
130101	4	4	4	1	1	1	4	4	4	4	2
130101	2	3	2	4	2	4	1	1	3	1	2
130101	2	3	3	4	3	4	2	1	2	1	2
130101	4	4	4	2	2	1	1	3	3	4	2
130101	4	4	4	3	2	99	3	2	3	99	2
130101	4	4	4	3	1	1	4	2	4	4	2
130101	2	1	1	4	99	3	2	1	99	2	2
130101	4	4	4	3	3	3	1	2	2	2	2
130101	4	4	4	3	1	1	3	2	4	4	2
130101	3	3	3	3	3	3	1	2	2	2	2
130102	2	2	3	3	4	4	1	2	1	1	2
130102	3	3	2	99	99	99	99	99	99	99	2
130102	3	2	2	3	2	3	2	2	3	2	2
130102	3	3	3	4	3	3	2	1	2	2	2
130102	4	3	4	3	2	3	3	2	3	2	2
130102	2	2	2	3	2	99	4	2	3	99	2
130102	4	2	3	4	2	4	1	1	3	1	2
130102	4	4	3	99	99	99	99	99	99	99	2
130102	2	1	2	4	3	4	1	1	2	1	2
130102	2	1	99	3	3	3	3	2	2	2	2
130102	3	3	2	3	3	3	99	2	2	2	2
130102	1	1	1	4	4	4	1	1	1	1	2
130102	4	3	3	4	4	2	3	1	1	3	2
130102	4	3	3	3	99	3	99	2	99	2	2
130102	4	4	4	2	1	2	3	3	4	3	2
130102	1	1	1	4	4	4	4	1	1	1	2
130102	3	4	3	4	3	4	1	1	2	1	2
130102	2	3	1	3	2	4	3	2	3	1	2
130102	3	3	3	4	4	4	1	1	1	1	2
130102	1	1	1	4	4	4	1	1	1	1	2
130102	4	3	4	3	4	3	1	2	1	2	2
130102	4	4	3	2	2	1	4	3	3	4	2
130103	4	3	4	4	3	99	2	1	2	99	2
130103	4	4	4	4	1	2	4	1	4	3	2
130103	4	4	2	3	2	3	3	2	3	2	2
130103	3	3	3	3	2	2	2	2	3	3	2
130103	3	3	3	4	3	3	2	1	2	2	2
130103	4	3	2	3	4	3	1	2	1	2	2
130103	3	3	2	3	3	3	1	2	2	2	2
130105	3	4	2	4	3	4	99	1	2	1	2
130105	1	3	2	4	3	3	99	1	2	2	2
130105	4	3	4	3	2	3	2	2	3	2	2
130105	3	3	3	3	2	2	2	2	3	3	2
130105	3	3	99	3	4	3	2	2	1	2	2
130105	3	4	99	3	2	2	2	2	3	3	2
130105	1	3	2	2	3	99	99	3	2	99	2
130105	3	3	3	3	2	99	99	2	3	99	2
130105	2	3	3	3	2	99	99	2	3	99	2
130105	2	2	2	3	3	3	4	2	2	2	2
130105	2	3	3	3	3	3	3	2	2	2	2
130105	3	4	3	3	2	3	2	2	3	2	2
130105	2	3	2	4	4	4	1	1	1	1	2
130105	3	3	2	2	3	3	3	3	2	2	2
130105	3	3	2	2	3	2	2	3	2	3	2
130105	3	3	3	3	3	4	2	2	2	1	2
130105	3	2	1	1	1	1	4	4	4	4	2
130105	4	4	4	3	3	3	2	2	2	2	2
130105	4	4	4	3	3	3	2	2	2	2	2
130105	3	1	2	3	3	3	2	2	2	2	2
130106	3	4	4	4	3	3	1	1	2	2	2
130106	4	3	3	3	2	3	3	2	3	2	2
130106	3	3	1	4	2	3	1	1	3	2	2
130106	2	3	2	3	3	3	2	2	2	2	2
130106	3	3	3	3	3	3	3	2	2	2	2
130106	2	3	2	3	3	3	2	2	2	2	2
130106	4	3	3	3	3	3	2	2	2	2	2
130106	3	3	2	3	3	3	2	2	2	2	2
130106	1	1	1	4	4	4	1	1	1	1	2
130106	4	1	4	4	4	4	1	1	1	1	2
130106	3	3	3	3	2	2	2	2	3	3	2
130106	3	3	3	3	3	3	2	2	2	2	2
130106	4	3	4	4	4	3	1	1	1	2	2
130106	4	4	4	4	4	4	4	1	1	1	2
130106	3	3	3	3	3	4	1	2	2	1	2
130106	4	4	99	4	4	4	1	1	1	1	2
130106	3	3	3	1	1	1	4	4	4	4	2
130106	1	3	2	4	4	4	1	1	1	1	2
130106	3	3	3	3	2	3	2	2	3	2	2
130106	2	4	4	2	2	3	2	3	3	2	2
130106	2	3	2	4	3	4	1	1	2	1	2
130106	4	3	4	3	2	2	2	2	3	3	2
130106	4	4	4	99	99	99	2	99	99	99	2
130107	3	3	3	4	3	3	1	1	2	2	2
130107	3	3	4	3	99	3	3	2	99	2	2
130107	1	2	2	4	4	4	4	1	1	1	2
130107	2	2	2	4	3	4	2	1	2	1	2
130107	4	4	4	3	4	3	2	2	1	2	2
130107	3	4	3	4	4	4	3	1	1	1	2
130107	1	2	2	3	99	99	99	2	99	99	2
130107	4	4	4	1	1	1	3	4	4	4	2
130107	4	3	3	3	99	3	2	2	99	2	2
130107	2	3	4	3	3	3	3	2	2	2	2
130107	4	3	4	3	2	3	2	2	3	2	2
130107	2	3	3	3	3	3	3	2	2	2	2
130107	4	4	4	4	4	4	1	1	1	1	2
130107	4	3	4	3	4	3	1	2	1	2	2
160101	4	4	4	2	3	1	4	3	2	4	2
160101	4	3	3	3	3	3	2	2	2	2	2
160101	3	4	3	2	2	2	3	3	3	3	2
160101	3	3	2	3	3	4	3	2	2	1	2
160101	4	4	4	2	1	1	2	3	4	4	2
160101	3	3	3	3	3	3	2	2	2	2	2
160101	3	4	3	3	2	3	2	2	3	2	2
160101	4	4	4	2	2	3	4	3	3	2	2
160101	4	4	4	1	1	1	1	4	4	4	2
160101	4	3	3	3	3	3	2	2	2	2	2
160101	4	3	4	4	3	4	1	1	2	1	2
160101	4	4	4	2	2	1	1	3	3	4	2
160101	4	4	4	1	1	1	4	4	4	4	2
160101	4	4	3	1	1	1	3	4	4	4	2
160102	4	3	4	1	1	1	4	4	4	4	2
160102	4	4	4	99	99	2	3	99	99	3	2
160102	4	4	4	2	1	2	4	3	4	3	2
160102	4	4	4	1	1	1	4	4	4	4	2
160102	4	3	3	2	3	2	3	3	2	3	2
160103	2	3	3	2	2	2	3	3	3	3	2
160103	2	2	2	3	3	3	2	2	2	2	2
160103	3	3	3	2	3	2	3	3	2	3	2
160103	3	4	4	3	3	3	2	2	2	2	2
160103	3	3	3	3	3	3	3	2	2	2	2
160103	4	4	4	1	1	1	4	4	4	4	2
160103	4	4	4	1	1	1	4	4	4	4	2
160103	2	2	2	4	3	3	1	1	2	2	2
160103	2	2	2	4	4	4	1	1	1	1	2
160103	4	4	3	4	3	2	3	1	2	3	2
160103	2	3	3	3	3	4	2	2	2	1	2
160103	3	3	2	3	3	3	2	2	2	2	2
160103	1	1	1	4	4	4	1	1	1	1	2
160103	4	4	4	4	99	3	99	1	99	2	2
210103	2	2	2	4	3	4	1	1	2	1	2
210103	1	1	1	4	4	4	2	1	1	1	2
210103	4	3	4	3	3	3	2	2	2	2	2
210103	3	3	3	2	3	99	99	3	2	99	2
210103	4	3	3	3	3	3	99	2	2	2	2
210103	3	2	99	4	3	3	4	1	2	2	2
210103	4	4	4	2	3	3	3	3	2	2	2
210103	4	3	4	3	3	2	2	2	2	3	2
210103	3	4	2	1	3	1	3	4	2	4	2
210103	4	2	3	4	3	3	2	1	2	2	2
210103	4	1	4	3	3	3	2	2	2	2	2
210103	3	3	99	4	4	4	99	1	1	1	2
210103	4	1	4	4	4	4	1	1	1	1	2
210103	1	1	1	4	4	4	4	1	1	1	2
210103	1	1	3	4	4	4	1	1	1	1	2
210104	4	4	4	2	3	3	2	3	2	2	2
210104	4	4	3	4	3	4	1	1	2	1	2
210104	3	4	3	4	4	4	1	1	1	1	2
210104	4	2	2	2	4	3	4	3	1	2	2
210104	3	4	3	3	3	4	1	2	2	1	2
210104	4	4	4	3	2	3	3	2	3	2	2
210104	2	4	2	3	3	3	2	2	2	2	2
210104	3	4	4	3	3	3	2	2	2	2	2
210104	3	4	3	99	99	99	99	99	99	99	2
210104	3	3	3	3	3	3	2	2	2	2	2
210104	1	3	2	4	3	4	2	1	2	1	2
230109	4	4	3	99	99	99	99	99	99	99	2
230109	4	4	4	2	4	3	1	3	1	2	2
230109	3	3	2	99	99	99	99	99	99	99	2
230109	4	4	4	1	1	1	4	4	4	4	2
230109	3	4	3	1	1	1	4	4	4	4	2
230109	4	3	3	3	3	99	2	2	2	99	2
230109	3	3	3	4	4	4	2	1	1	1	2
230109	4	4	4	2	2	99	99	3	3	99	2
230109	4	4	4	3	2	3	4	2	3	2	2
230109	4	4	99	4	4	4	4	1	1	1	2
230109	4	4	4	1	1	1	1	4	4	4	2
230109	4	4	3	1	1	1	3	4	4	4	2
230109	4	4	4	99	99	2	2	99	99	3	2
270103	2	1	1	4	4	4	2	1	1	1	2
270103	1	1	1	4	4	4	3	1	1	1	2
270103	2	2	2	3	99	3	2	2	99	2	2
270103	4	4	3	3	3	99	99	2	2	99	2
270103	4	4	4	3	2	3	3	2	3	2	2
270103	4	3	3	2	3	2	1	3	2	3	2
270103	3	4	3	3	3	3	2	2	2	2	2
270103	3	4	3	4	4	4	2	1	1	1	2
270103	4	4	4	3	3	3	2	2	2	2	2
270103	2	2	3	4	4	3	2	1	1	2	2
270103	3	2	4	4	4	4	3	1	1	1	2
270103	3	4	2	4	3	3	1	1	2	2	2
300103	1	4	4	1	1	1	4	4	4	4	2
300103	3	2	2	3	2	2	2	2	3	3	2
300103	4	4	4	1	1	2	1	4	4	3	2
300103	4	4	4	3	3	3	2	2	2	2	2
300103	1	2	1	1	2	3	1	4	3	2	2
300103	4	4	4	3	3	2	4	2	2	3	2
300103	3	3	2	3	2	2	3	2	3	3	2
300103	2	2	2	3	2	3	2	2	3	2	2
300104	4	4	3	3	4	3	2	2	1	2	2
320108	3	3	4	2	3	2	1	3	2	3	2
320108	3	2	2	3	3	3	2	2	2	2	2
320108	4	3	3	4	4	4	1	1	1	1	2
320108	4	3	4	3	3	2	2	2	2	3	2
320108	2	3	3	3	2	2	2	2	3	3	2
320108	3	4	3	3	3	3	2	2	2	2	2
320108	3	4	3	3	1	3	2	2	4	2	2
320108	3	3	2	4	3	4	1	1	2	1	2
320108	2	3	99	4	3	4	2	1	2	1	2
320108	4	3	1	3	1	3	3	2	4	2	2
320108	2	4	3	4	3	4	1	1	2	1	2
320108	4	4	4	1	1	1	4	4	4	4	2
320108	4	4	4	1	1	1	4	4	4	4	2
320108	3	3	3	4	3	4	2	1	2	1	2
320108	3	3	4	2	3	2	99	3	2	3	2
320108	3	3	4	1	3	2	99	4	2	3	2
320108	4	4	3	2	2	3	2	3	3	2	2
320108	4	4	4	3	3	3	3	2	2	2	2
320108	4	4	4	2	3	2	4	3	2	3	2
320108	4	4	4	4	2	4	3	1	3	1	2
430105	1	1	1	4	4	4	1	1	1	1	2
430105	1	2	2	3	1	1	3	2	4	4	2
430105	1	1	1	4	1	4	1	1	4	1	2
430105	1	3	1	4	99	99	3	1	99	99	2
430105	2	3	3	3	3	3	3	2	2	2	2
430105	2	1	1	3	2	4	3	2	3	1	2
430105	3	3	99	4	3	4	2	1	2	1	2
430105	3	3	3	3	99	3	99	2	99	2	2
430105	3	4	3	3	3	3	2	2	2	2	2
430105	3	2	2	3	3	3	2	2	2	2	2
430105	3	1	99	4	99	4	99	1	99	1	2
430105	2	2	2	4	3	4	2	1	2	1	2
430105	3	4	3	3	3	3	3	2	2	2	2
430105	4	4	3	4	4	4	3	1	1	1	2
430105	2	3	2	4	3	3	3	1	2	2	2
430105	1	1	1	3	3	3	2	2	2	2	2
430105	2	1	2	4	4	4	4	1	1	1	2
480102	2	3	2	3	1	4	1	2	4	1	2
480102	2	1	1	99	99	99	99	99	99	99	2
480102	3	4	3	99	99	99	3	99	99	99	2
480102	3	3	3	1	3	1	4	4	2	4	2
480102	1	2	3	3	3	3	2	2	2	2	2
480102	2	2	1	3	3	3	2	2	2	2	2
480102	3	3	2	3	3	3	2	2	2	2	2
480102	4	3	4	4	2	3	2	1	3	2	2
480102	4	4	4	3	2	3	3	2	3	2	2
480102	4	4	3	1	3	3	1	4	2	2	2
480102	1	3	2	2	99	2	4	3	99	3	2
480102	4	4	4	4	3	4	4	1	2	1	2
520107	3	3	2	3	4	2	2	2	1	3	2
520107	3	4	3	4	3	2	2	1	2	3	2
520107	3	3	2	3	3	3	1	2	2	2	2
520107	4	3	3	4	4	4	1	1	1	1	2
520107	4	4	3	1	2	1	3	4	3	4	2
520107	4	4	4	2	3	3	2	3	2	2	2
520107	3	3	3	2	3	2	3	3	2	3	2
520107	2	2	1	4	2	4	2	1	3	1	2
520107	4	4	4	1	1	1	4	4	4	4	2
520107	3	3	4	1	1	1	4	4	4	4	2
520107	4	4	4	2	2	2	3	3	3	3	2
520107	4	4	4	2	2	2	3	3	3	3	2
520107	4	4	4	3	3	4	4	2	2	1	2
520107	4	4	4	3	3	3	2	2	2	2	2
520107	4	4	3	99	2	1	99	99	3	4	2
520107	4	4	4	1	1	1	4	4	4	4	2
520107	4	3	3	3	1	4	1	2	4	1	2
520107	1	1	2	3	2	4	3	2	3	1	2
520107	4	4	3	1	3	1	1	4	2	4	2
520107	3	3	99	4	3	4	99	1	2	1	2
520107	3	3	3	3	3	3	2	2	2	2	2
520107	3	4	3	3	99	3	2	2	99	2	2
520107	2	3	2	3	3	3	2	2	2	2	2
520107	4	3	3	3	1	3	2	2	4	2	2
520107	2	1	1	99	99	99	2	99	99	99	2
520107	4	3	3	3	3	2	2	2	2	3	2
520107	3	3	3	3	2	3	2	2	3	2	2
520107	4	3	3	3	99	1	99	2	99	4	2
520152	4	3	3	3	3	3	1	2	2	2	2
520152	4	4	4	2	1	1	4	3	4	4	2
520152	4	4	99	99	1	1	4	99	4	4	2
520152	3	2	3	2	2	2	2	3	3	3	2
520152	2	1	2	3	3	3	2	2	2	2	2
520152	4	3	4	4	3	2	1	1	2	3	2
520152	4	2	3	3	1	1	4	2	4	4	2
520152	1	1	1	3	3	3	1	2	2	2	2
520152	3	3	3	3	99	3	99	2	99	2	2
520152	4	2	3	3	3	1	1	2	2	4	2
520152	3	3	3	4	3	2	99	1	2	3	2
520152	3	4	3	1	1	1	4	4	4	4	2
520152	3	4	4	4	4	4	1	1	1	1	2
520152	3	2	3	1	1	4	4	4	4	1	2
520154	3	3	2	3	2	1	3	2	3	4	2
520154	4	2	3	3	3	2	3	2	2	3	2
520154	3	3	3	3	3	3	2	2	2	2	2
520154	3	3	3	3	3	2	1	2	2	3	2
520154	3	3	3	4	4	4	1	1	1	1	2
520154	3	3	2	1	1	3	3	4	4	2	2
520154	3	4	99	4	99	99	99	1	99	99	2
520154	4	4	4	1	1	1	4	4	4	4	2
520154	4	4	4	2	2	3	4	3	3	2	2
520154	2	3	2	4	3	4	2	1	2	1	2
520154	2	3	99	3	99	99	2	2	99	99	2
520154	3	3	3	3	3	3	3	2	2	2	2
520154	2	3	2	3	2	2	2	2	3	3	2
520154	1	3	1	3	4	4	1	2	1	1	2
520154	3	3	3	1	1	1	1	4	4	4	2
520154	3	3	3	3	2	3	4	2	3	2	2
530104	4	3	1	1	2	2	1	4	3	3	2
530104	1	3	99	1	3	3	3	4	2	2	2
530104	3	1	99	4	99	3	2	1	99	2	2
530104	2	1	1	4	4	3	2	1	1	2	2
530104	3	3	3	3	3	2	2	2	2	3	2
530104	2	4	2	4	3	4	2	1	2	1	2
530104	1	4	4	4	99	2	99	1	99	3	2
530104	4	3	1	4	2	2	4	1	3	3	2
530104	4	3	4	3	3	3	2	2	2	2	2
530104	2	2	2	3	3	3	2	2	2	2	2
530104	3	3	99	4	3	3	2	1	2	2	2
