15	3	3	2	1	4	4	4	4	3	3	4	3	4	2	1	1	2	1
27	3	3	3	4	3	3	4	3	4	3	2	2	2	3	2	1	1	1
35	1	1	2	2	3	3	1	1	1	3	4	4	2	2	2	1	4	2
37	2	2	2	1	1	1	2	1	2	4	4	4	4	4	4	1	4	4
102	1	1	1	1	1	1	1	2	1	4	4	4	4	4	4	4	4	4
136	2	2	2	3	2	3	3	3	4	4	4	3	4	4	4	4	4	3
151	1	1	1	1	1	1	1	1	2	2	2	2	2	3	3	3	3	3
174	2	2	2	2	3	3	3	3	2	3	3	2	4	3	3	3	2	2
203	3	3	3	3	3	3	4	3	3	1	1	1	1	1	1	1	1	1
217	2	2	2	2	2	2	3	2	2	3	3	2	3	3	4	3	2	2
222	1	2	1	1	4	1	2	2	1	2	2	2	2	1	2	1	1	2
224	1	1	1	1	1	1	3	3	3	3	3	3	2	3	3	2	2	4
235	2	3	2	3	3	3	3	3	3	3	2	2	2	2	2	2	2	2
251	1	1	1	1	1	1	1	1	1	1	99	2	1	99	99	1	3	1
252	2	2	1	3	1	2	2	2	3	1	2	2	1	2	2	1	1	1
270	2	2	2	1	1	1	2	2	3	3	3	3	2	3	3	2	2	3
339	2	2	3	3	3	3	4	4	3	4	3	99	4	4	4	4	4	3
351	3	2	4	4	2	4	4	3	3	1	1	1	1	1	1	1	1	1
360	2	2	2	1	1	2	3	3	3	3	2	1	2	3	2	1	1	2
381	2	2	2	4	3	4	4	4	4	2	2	2	1	2	3	2	2	2
424	2	2	2	4	3	2	3	2	3	2	2	3	3	3	3	2	3	2
473	2	2	2	3	3	2	2	4	3	2	2	2	2	2	2	2	2	2
516	2	2	3	3	3	4	4	4	4	1	1	1	1	1	1	1	1	1
549	1	2	2	2	3	4	4	4	4	2	1	2	2	1	2	2	1	1
580	3	3	2	4	4	3	4	4	3	3	3	2	3	2	2	2	2	2
589	2	1	1	1	1	3	3	2	3	3	3	2	3	2	99	1	1	2
606	2	2	2	1	2	2	4	2	3	4	4	4	4	4	4	4	4	4
609	1	1	1	1	1	1	1	1	1	2	2	99	1	3	3	1	3	4
675	3	2	2	1	1	2	3	3	2	1	1	1	2	2	2	1	1	1
706	1	1	1	1	1	2	2	3	2	1	1	1	1	1	1	1	1	1
720	2	2	2	3	3	3	3	3	3	1	1	1	1	1	1	1	2	2
745	1	1	1	2	2	1	2	2	2	2	2	2	3	3	3	3	3	2
771	1	2	4	1	1	1	1	1	4	4	4	4	4	4	4	4	4	4
794	1	2	2	1	2	2	4	2	2	3	3	3	3	2	3	2	2	1
821	1	1	1	1	1	1	2	2	2	4	2	2	4	3	3	3	3	2
868	2	2	2	1	1	1	4	3	3	2	1	2	2	1	1	2	2	2
870	1	2	2	1	3	3	2	4	3	2	2	2	2	2	2	3	3	2
903	2	2	2	2	1	1	2	3	3	3	3	2	3	3	3	2	2	2
954	2	2	2	3	3	2	3	3	3	1	2	2	1	3	3	99	3	3
970	3	3	3	4	3	4	4	4	4	1	1	1	2	2	2	2	2	2
971	1	2	2	1	1	3	3	2	3	2	3	2	3	2	2	2	2	2
974	2	3	2	3	2	2	4	4	4	2	1	3	2	1	2	2	1	2
1014	4	3	4	2	2	2	4	3	4	3	2	2	3	2	4	2	1	2
1016	1	1	1	3	2	1	2	2	2	4	4	4	4	4	4	2	4	3
1039	2	3	2	1	1	1	4	4	4	3	2	3	2	3	2	2	2	2
1041	2	1	1	1	1	3	3	3	2	3	3	3	3	99	2	1	1	1
1059	2	2	2	2	2	3	2	2	3	1	2	2	1	2	2	1	2	1
1086	2	3	2	2	1	2	2	3	2	1	1	2	1	1	2	1	1	1
1095	1	1	2	1	1	1	2	2	2	4	3	3	4	4	3	4	3	2
1105	1	2	2	4	1	3	4	3	4	1	2	1	4	4	4	3	3	99
1117	2	1	1	1	2	1	2	2	2	2	2	3	2	2	3	2	3	2
1146	2	2	2	1	3	4	4	4	4	2	2	2	2	2	99	1	2	2
1150	3	1	2	2	2	2	3	3	4	99	1	3	3	2	3	1	1	1
1159	1	1	1	1	2	2	1	1	1	1	1	3	3	3	4	1	1	2
1189	2	2	1	1	1	1	3	2	2	4	4	4	4	4	4	4	4	4
1200	2	2	2	3	2	2	3	3	4	1	3	2	2	2	1	1	1	2
1203	2	2	1	2	3	1	3	3	2	2	2	2	3	2	2	2	2	2
1209	1	1	1	1	1	2	2	2	2	2	2	2	2	2	1	1	1	1
1215	1	3	3	2	1	1	4	4	4	4	3	2	3	3	4	2	2	3
1244	2	2	2	3	3	3	2	3	3	2	2	2	2	2	2	2	2	2
1247	2	2	2	2	2	2	2	2	2	4	3	3	4	2	2	2	2	3
1271	1	1	1	1	1	1	3	1	1	2	2	3	3	2	3	1	1	1
1289	2	2	2	3	3	3	2	3	3	2	2	1	1	1	1	1	1	2
1307	2	2	2	2	2	2	2	2	3	3	3	3	3	3	3	3	3	3
1336	2	2	2	1	2	1	2	2	1	3	3	3	3	4	4	2	3	2
1360	2	3	3	4	3	3	2	3	2	2	2	2	2	3	2	2	2	2
1377	2	1	1	2	2	1	3	2	1	1	2	2	3	3	4	2	3	4
1379	2	2	2	2	2	2	2	2	2	2	1	2	2	1	2	2	2	2
1382	1	2	1	2	3	3	1	1	1	4	99	4	2	4	4	2	99	2
1384	1	1	1	1	1	1	1	1	1	4	3	4	4	3	4	4	3	4
1387	1	1	1	1	1	1	4	4	4	2	3	2	1	99	3	1	1	1
1467	1	1	2	3	1	1	3	1	2	4	4	4	4	4	4	2	4	3
1481	1	1	1	2	1	1	3	3	3	1	3	2	1	3	2	1	2	1
1489	1	1	1	1	1	1	4	3	2	1	2	2	1	2	2	1	2	2
1518	2	2	2	3	3	3	4	4	3	3	3	1	2	2	1	1	1	1
1545	1	1	1	1	1	1	4	3	2	1	2	2	1	2	2	1	2	2
1559	1	1	1	2	1	2	2	3	3	3	2	2	4	3	4	2	2	2
1568	1	2	2	1	2	1	3	1	2	2	3	3	4	3	3	4	3	3
1588	2	2	2	2	2	2	3	2	2	2	2	1	2	2	1	2	1	2
1663	3	3	3	4	4	4	4	4	3	1	2	3	2	2	3	2	2	2
1670	2	2	2	3	3	3	4	3	3	1	2	2	99	2	2	1	2	2
1677	2	2	3	4	2	4	3	2	2	3	2	4	4	3	4	3	3	2
1685	2	3	3	1	3	1	3	4	2	2	3	3	3	3	3	2	2	2
1688	2	2	2	4	3	4	4	3	3	2	3	4	2	3	4	2	2	2
1708	2	2	2	3	3	3	3	2	2	1	1	2	1	1	2	1	1	1
1713	2	2	2	3	2	2	2	2	3	2	2	1	2	2	2	2	3	2
1764	2	2	2	3	1	1	4	2	2	3	3	4	3	3	4	2	4	3
1779	2	2	2	1	1	1	2	2	2	1	1	1	1	1	1	1	1	1
1788	2	3	2	3	2	3	3	3	2	1	2	3	3	2	2	2	1	3
1807	4	2	2	1	1	1	4	2	3	4	4	4	4	4	4	3	4	3
1813	2	1	2	1	1	2	2	3	2	2	2	2	2	2	2	2	2	2
1834	2	2	2	3	3	2	4	3	3	1	1	1	1	2	1	1	1	1
1872	2	2	2	2	3	3	3	4	3	2	2	2	1	1	2	1	1	1
1897	2	2	2	3	3	2	3	2	2	1	1	2	1	1	1	1	1	2
1944	3	3	2	3	2	3	4	4	3	2	3	2	2	2	2	1	2	2
1946	3	3	3	3	2	3	4	4	3	3	3	3	2	3	3	1	1	2
2014	1	2	2	3	2	3	3	1	3	2	2	2	2	3	3	2	2	1
2042	1	1	2	1	2	1	1	1	1	4	1	4	4	3	4	4	4	4
2057	3	2	3	2	3	3	4	3	3	1	1	1	3	1	2	1	1	1
2089	2	3	3	4	4	1	4	3	4	1	1	1	2	2	2	1	2	1
2099	1	1	1	1	3	1	1	1	1	99	99	3	3	3	3	99	2	2
2107	1	1	1	1	1	1	1	1	1	3	3	4	4	4	4	2	2	2
2125	2	2	2	3	3	3	3	3	3	1	2	1	3	2	1	1	2	1
2130	1	1	1	2	2	1	1	1	1	2	3	2	3	2	2	3	3	3
2145	1	2	1	2	2	3	2	3	2	2	1	1	2	2	2	2	1	2
2147	3	3	2	2	1	2	4	3	2	2	2	2	3	2	3	1	2	2
2151	1	2	2	2	1	3	2	4	2	2	3	2	2	3	1	1	1	1
2179	1	1	1	2	1	1	2	1	1	2	4	4	4	4	4	2	4	1
2182	2	2	2	3	3	1	4	4	3	1	1	1	1	1	1	1	1	1
2216	3	3	3	2	3	3	3	3	3	1	1	1	1	1	1	1	1	1
2285	1	1	1	1	1	2	1	1	2	3	3	3	99	3	3	99	3	2
2290	1	1	2	1	1	1	4	3	4	2	3	3	3	4	4	4	3	3
2322	2	1	1	1	1	2	4	2	2	2	3	1	3	3	1	1	3	1
2330	2	2	2	3	3	3	3	4	2	3	3	3	4	3	3	2	2	3
2374	1	2	2	1	1	1	2	3	2	1	1	2	1	1	2	2	1	2
2397	2	3	3	2	2	3	4	4	4	1	2	1	1	2	1	2	2	1
2423	1	2	2	1	1	2	3	2	2	3	3	3	1	1	2	1	2	1
2437	1	1	1	1	1	1	1	1	1	3	2	3	2	2	4	3	2	2
2446	3	3	4	4	4	4	4	4	4	99	3	2	2	2	1	2	1	2
2468	1	2	2	4	4	3	4	4	3	1	1	2	1	1	1	1	1	1
2488	1	1	1	1	1	1	2	2	2	3	2	2	3	2	2	2	2	1
2527	2	2	2	2	1	1	2	3	3	1	2	2	1	2	2	1	2	1
2532	2	2	2	1	1	1	2	2	2	3	3	3	3	3	3	2	2	3
2533	2	2	2	2	1	3	4	4	3	2	2	2	2	2	2	2	2	2
2536	2	2	2	2	3	4	2	2	2	3	3	3	3	4	3	3	2	3
2562	3	4	3	3	3	3	4	3	2	1	1	1	1	1	1	1	1	1
2595	3	3	3	4	4	4	4	4	4	1	1	1	1	2	1	1	1	1
2601	2	2	2	1	2	2	2	2	2	2	2	2	3	3	3	3	2	2
2605	1	1	2	1	1	1	1	3	1	4	3	3	4	4	4	2	4	99
2630	2	1	2	1	1	1	3	1	2	2	2	2	2	2	2	2	2	2
2632	2	1	2	2	1	1	3	4	2	2	2	2	2	2	2	2	2	2
2647	2	2	2	3	3	2	4	3	4	2	1	2	1	2	1	2	2	2
2654	1	1	1	1	1	1	1	2	3	4	3	3	4	3	3	1	99	2
2662	1	1	2	1	2	2	3	2	3	2	3	3	1	1	2	2	1	2
2666	2	2	2	3	2	3	3	2	2	1	2	2	1	2	2	1	2	2
2672	2	1	2	1	3	2	3	2	2	2	3	3	2	99	2	2	1	2
2674	3	2	2	3	3	3	4	4	4	1	3	3	1	2	3	2	2	2
2680	2	3	3	1	2	2	4	4	4	4	4	3	4	4	3	4	4	2
2686	1	1	1	3	2	2	2	3	4	3	3	4	2	2	2	1	2	2
2688	2	1	1	1	1	1	3	3	2	3	3	3	2	2	4	1	1	2
2730	1	1	1	1	1	2	3	2	2	4	4	4	4	4	4	4	2	3
2731	2	1	3	2	1	3	1	4	3	1	1	2	3	1	1	1	1	1
2786	2	2	2	3	2	3	3	3	3	1	1	1	1	1	1	1	1	1
2800	2	2	2	1	2	1	2	1	1	3	1	2	3	3	3	3	3	3
2805	2	2	2	1	2	1	2	2	1	3	3	3	4	2	4	3	3	2
2807	3	3	2	4	4	4	4	4	3	2	2	2	2	2	2	2	2	2
2824	1	1	2	2	1	3	2	1	3	2	4	4	4	4	4	3	3	4
2833	2	2	2	1	1	1	3	3	3	1	2	2	1	2	2	2	2	2
2875	2	2	2	1	1	1	2	2	1	2	2	3	2	2	3	2	1	1
2888	3	3	3	4	3	2	4	4	4	2	2	2	2	2	2	2	2	1
2889	2	2	3	3	4	3	3	3	3	1	2	2	1	2	2	1	2	2
2890	2	3	2	2	2	3	2	4	2	3	3	4	3	3	4	1	2	4
2895	2	2	1	1	2	1	2	2	2	2	3	3	99	3	3	2	2	2
2922	1	1	1	1	99	1	3	3	1	4	3	3	3	3	3	2	2	1
2935	2	2	1	3	3	2	3	3	3	99	2	3	3	3	3	1	2	2
2946	2	2	2	1	2	2	3	2	3	2	1	2	2	1	2	1	1	2
2952	2	3	2	3	2	1	3	3	2	3	2	2	3	4	4	3	4	4
2991	2	2	2	2	2	2	3	3	3	2	2	3	2	1	2	1	2	2
3001	2	3	2	2	3	3	3	4	4	1	4	4	4	4	4	2	4	2
3017	2	3	3	3	3	3	3	4	4	2	2	3	1	2	3	1	1	1
3028	1	1	1	1	2	1	1	1	1	4	4	4	4	4	4	3	3	3
3033	2	2	2	2	2	1	4	3	2	1	3	3	2	3	3	2	2	2
3034	2	2	2	2	3	3	3	2	3	1	1	1	1	1	2	1	2	2
3046	1	1	1	4	4	4	2	2	4	1	1	2	1	2	2	2	2	2
3056	1	2	1	2	2	1	1	4	3	3	2	3	3	2	4	1	1	1
3095	2	3	2	4	4	4	2	3	2	1	3	4	1	1	2	1	2	3
3127	1	2	1	1	3	3	4	2	1	3	3	3	3	3	3	2	2	2
3151	1	2	1	3	2	3	2	4	2	2	4	4	3	4	4	3	3	3
3233	2	2	2	3	3	3	3	3	4	1	2	1	2	2	2	2	1	2
3294	1	1	1	1	1	1	3	1	1	4	3	2	4	99	3	4	2	2
3314	3	3	3	3	4	4	4	4	4	2	2	1	2	1	1	2	2	1
3333	1	2	2	2	2	2	2	4	4	3	4	4	3	4	4	3	4	4
3347	1	1	1	1	1	1	1	1	1	4	4	4	2	4	4	3	2	4
3386	3	2	2	99	2	3	4	3	4	1	1	1	1	1	1	1	1	1
3391	2	2	2	2	2	2	2	3	2	2	3	2	2	2	2	1	2	2
3409	2	2	2	3	3	3	3	2	4	2	2	2	2	2	2	2	2	1
3423	2	2	2	2	3	2	3	3	4	2	2	2	2	2	2	2	1	2
3424	2	2	1	3	3	3	3	3	3	2	2	3	3	3	4	2	1	2
3455	2	2	1	2	2	2	3	2	3	3	2	2	3	2	2	2	2	2
3473	1	1	1	1	1	1	1	1	1	4	4	4	4	4	4	4	4	4
3528	3	3	3	4	4	2	4	4	4	1	1	1	1	1	1	1	1	1
3530	2	2	2	2	2	2	2	3	1	1	2	2	3	2	3	2	2	2
3567	1	1	1	1	3	2	2	4	2	3	4	4	4	4	4	4	3	2
3597	2	2	2	2	3	3	4	4	4	1	2	2	2	1	2	2	1	2
3608	2	1	2	1	1	1	2	2	2	4	2	4	3	3	4	3	2	2
3634	2	2	2	1	2	2	2	2	3	99	3	3	2	3	3	2	2	2
3650	2	2	2	2	2	2	4	3	3	1	1	1	1	1	1	1	1	1
3670	2	2	2	2	2	2	2	2	2	2	1	3	2	4	3	3	2	2
3687	2	2	2	1	4	2	3	3	2	1	2	2	1	2	1	1	2	1
3693	2	2	2	3	3	3	3	3	3	2	2	2	2	2	2	2	2	2
3704	3	2	2	3	4	1	4	4	4	1	1	1	1	1	3	99	2	3
3725	2	2	2	2	2	1	3	3	2	2	2	2	4	3	3	2	2	3
3730	1	2	1	3	1	3	4	1	2	1	2	2	2	2	2	1	2	1
3752	2	3	2	3	3	3	4	3	3	2	2	2	1	2	2	1	2	2
3790	2	3	2	4	4	3	4	4	4	2	1	2	2	1	2	1	1	2
3812	1	2	2	2	2	2	2	2	3	2	1	3	2	2	2	1	2	2
3854	1	1	1	2	2	2	3	3	2	2	2	3	2	2	3	1	1	2
3865	2	2	2	3	2	2	4	3	2	3	2	2	3	2	2	2	2	2
3879	1	1	1	1	1	1	3	1	3	2	2	2	2	2	3	2	2	2
3899	1	1	1	1	1	1	1	1	1	4	3	4	4	4	4	4	4	4
3910	2	2	2	2	2	2	2	2	2	2	1	2	2	1	2	2	1	1
3919	2	1	1	1	1	2	3	2	2	2	2	2	2	2	2	2	2	2
3952	3	3	2	4	4	4	3	4	4	3	4	4	3	3	3	3	2	4
3991	2	2	2	1	2	2	4	3	4	3	2	2	2	2	2	1	1	1
3993	1	3	3	4	4	4	4	4	4	1	1	2	1	1	1	1	1	1
3996	2	3	3	4	3	4	4	3	4	1	2	2	1	2	2	2	2	1
4026	3	2	2	2	3	3	2	3	2	4	4	3	4	4	4	4	4	4
4040	3	3	3	3	3	3	4	3	4	3	2	3	3	2	99	2	2	1
4058	2	2	2	2	2	1	2	2	2	2	2	3	2	2	3	2	2	3
4059	2	3	3	2	3	1	3	2	3	1	2	4	2	3	4	1	2	1
4072	2	2	1	1	2	1	2	1	1	1	2	2	1	99	2	99	2	3
4082	1	1	1	1	1	2	4	4	2	2	2	2	2	2	2	2	2	2
4121	1	1	2	1	1	1	1	1	2	3	3	4	3	2	4	3	2	3
4157	2	2	2	2	3	2	4	3	2	3	1	2	1	1	2	1	1	1
4160	1	2	2	1	2	2	2	2	2	3	3	3	3	3	3	2	2	3
4163	2	2	2	1	2	2	2	2	2	4	3	3	4	3	3	2	2	2
4165	1	1	1	1	1	1	2	1	3	2	1	2	4	4	3	2	1	1
4214	2	2	3	4	4	4	4	4	4	1	1	1	1	1	1	1	1	1
4215	2	2	2	3	3	3	4	3	3	3	2	2	3	2	2	2	3	2
4223	2	2	2	1	1	1	2	3	3	3	3	3	3	3	3	2	3	2
4225	2	4	3	2	3	4	2	4	2	2	2	3	4	3	4	2	2	3
4270	1	1	1	1	1	1	1	1	1	4	4	4	4	4	4	4	4	4
4286	2	2	2	2	2	2	3	3	3	2	2	2	1	2	2	99	2	2
4293	2	2	2	2	2	3	2	3	3	4	4	4	4	4	4	4	3	4
4303	1	3	1	3	2	1	3	3	2	2	3	3	4	3	3	1	1	1
4318	1	1	2	1	1	1	1	1	2	3	4	4	4	4	4	3	4	4
4347	3	3	3	3	3	3	4	4	4	1	2	2	1	2	2	1	1	2
4360	1	1	1	1	1	1	2	1	1	3	3	3	3	3	4	4	1	1
4376	2	2	2	3	3	3	4	2	3	1	1	2	1	2	2	1	2	1
4389	1	1	1	1	2	1	1	3	2	4	4	4	4	4	4	2	2	3
4412	1	1	1	1	1	1	2	2	1	3	4	1	2	4	1	2	3	2
4416	1	2	2	3	2	2	3	4	3	3	3	2	2	2	2	2	3	2
4435	1	2	2	1	1	3	2	2	2	2	3	3	2	3	3	2	3	2
4452	1	2	2	1	2	1	2	3	1	2	1	2	1	1	1	1	2	2
4501	1	1	1	2	2	2	1	2	2	1	2	2	2	2	2	2	2	3
4519	2	2	2	2	1	1	1	2	2	2	2	3	3	2	3	2	2	2
4586	2	2	2	3	3	3	4	4	3	1	1	1	1	1	1	1	1	1
4589	2	4	3	1	2	3	4	4	4	2	2	2	2	2	2	2	2	2
4624	1	1	1	1	1	1	1	1	1	4	3	4	4	4	4	4	4	4
4625	1	1	1	1	1	1	1	4	1	1	2	2	1	1	2	1	4	2
4629	1	1	2	1	1	1	1	1	1	3	3	3	2	3	3	2	2	2
4684	2	2	2	2	3	3	2	3	1	4	4	4	4	4	4	3	4	3
4695	3	2	3	2	2	2	2	2	3	1	3	2	2	3	4	1	2	2
4705	1	2	2	1	1	1	3	2	2	2	2	1	2	2	2	2	2	2
4733	2	2	2	3	3	3	4	4	4	2	2	2	3	2	2	2	2	2
4753	2	3	3	4	4	3	4	4	4	1	1	2	2	1	1	1	1	1
4771	2	2	2	2	2	1	2	2	2	2	2	2	2	2	2	2	1	1
4785	1	2	2	1	2	1	3	3	3	3	3	3	2	3	3	1	2	2
4797	2	2	2	2	2	2	3	2	3	2	2	2	2	2	3	2	1	2
4826	3	2	2	4	4	3	3	3	3	2	3	2	1	2	2	2	2	2
4835	2	2	2	3	4	3	4	4	4	4	4	4	4	4	4	3	3	3
4887	2	2	2	4	1	1	3	1	1	4	3	3	4	4	4	3	3	4
4911	2	2	2	2	3	2	2	3	3	4	4	3	3	3	3	2	3	3
4955	2	1	2	2	4	3	4	3	3	4	2	2	3	2	2	1	2	1
4967	2	2	2	4	4	3	2	2	3	2	2	2	3	3	4	3	2	3
4968	2	2	2	2	2	2	2	2	2	1	1	1	1	1	1	1	1	1
4999	1	2	1	2	3	3	2	3	2	99	3	2	99	3	2	2	99	2
5010	2	2	2	3	3	3	3	3	3	2	3	2	2	1	1	1	1	2
5083	2	3	2	2	2	2	4	4	3	2	3	3	2	3	2	1	1	1
5102	1	1	1	1	1	1	2	2	2	2	3	2	2	3	1	2	1	1
5103	1	1	2	2	1	2	2	3	3	4	2	2	2	2	2	1	1	1
5106	2	2	2	1	1	1	4	2	3	1	2	2	3	3	3	3	2	2
5261	1	2	1	2	1	2	2	2	1	4	4	4	4	4	4	4	4	2
5269	1	1	1	1	1	1	2	2	2	4	4	4	4	4	4	4	4	4
5297	2	2	2	2	3	2	2	3	3	2	2	2	2	2	2	2	2	2
5310	2	2	2	3	3	3	3	3	2	2	2	3	2	2	3	2	2	3
5322	2	1	1	3	1	1	3	1	3	3	2	3	2	3	4	1	2	2
5326	1	1	1	2	1	2	2	2	2	3	2	3	3	3	3	3	2	3
5373	1	2	2	1	1	2	2	2	3	2	2	2	3	3	2	3	3	2
5392	2	2	2	2	3	2	3	2	2	3	4	4	4	4	4	3	3	3
5421	2	3	2	1	1	3	2	4	2	2	2	2	3	2	2	2	2	2
5458	2	2	2	1	2	2	2	2	4	2	2	2	2	2	2	2	2	2
5504	2	2	2	2	2	2	4	2	4	3	4	3	3	3	3	1	1	2
5516	1	1	1	1	1	1	3	3	3	1	3	3	1	2	3	1	4	2
5531	2	2	2	3	4	3	4	4	4	1	1	1	1	1	1	1	1	1
5546	1	1	2	1	2	3	2	3	3	3	3	3	3	3	3	3	3	3
5548	1	1	1	2	1	2	1	1	1	1	1	1	1	3	2	1	1	1
5568	1	2	2	3	3	4	99	3	3	2	4	4	4	4	4	2	2	3
5587	2	2	2	4	3	3	3	3	3	1	2	2	1	1	2	2	2	2
5649	2	2	1	1	1	1	2	2	1	2	2	2	3	3	2	2	2	2
5663	1	1	1	2	1	1	1	1	2	2	2	2	3	2	3	1	2	3
5724	1	1	1	1	1	1	1	1	1	4	4	4	4	4	4	2	2	4
5757	2	2	2	2	2	3	2	3	3	1	1	1	2	1	1	2	1	2
5776	3	3	3	3	2	2	3	3	3	2	2	2	2	2	3	2	2	2
5786	3	4	3	4	4	3	4	4	4	1	2	1	1	2	1	1	2	1
5803	1	1	1	1	1	1	1	1	1	2	3	2	3	3	2	3	1	2
5858	2	2	2	3	3	3	3	3	3	2	2	2	2	2	2	1	2	2
5991	1	1	1	1	1	1	1	2	2	2	2	3	2	2	2	2	2	2
6029	1	1	1	1	1	1	1	1	1	4	4	4	2	2	2	4	4	2
6062	3	2	2	2	2	4	3	3	3	3	2	3	1	2	4	1	2	3
6071	1	1	1	1	1	1	1	1	1	4	4	4	4	4	4	4	3	4
6129	2	2	2	3	3	3	4	3	2	3	2	1	4	2	1	2	1	1
6135	3	3	3	3	4	4	4	4	3	3	2	1	4	4	4	3	3	4
6144	2	2	2	2	3	1	2	3	2	2	2	2	2	3	3	2	2	1
6151	2	2	3	4	1	3	3	1	4	4	2	2	4	2	2	4	2	2
6156	1	1	1	1	1	2	1	2	2	2	2	2	2	2	99	2	2	2
6160	2	1	2	1	1	2	1	2	2	4	3	4	3	3	4	2	2	2
6191	1	2	1	1	1	1	2	2	1	3	4	3	4	4	4	3	4	3
6216	2	2	2	1	3	1	1	3	1	2	2	2	3	3	3	1	1	1
6241	2	1	2	2	3	2	2	2	1	3	1	2	3	2	3	2	2	1
6269	1	1	1	1	1	1	2	2	2	99	2	3	99	3	3	1	2	2
6284	3	3	3	3	2	3	3	4	4	1	2	1	1	2	1	1	2	2
6323	1	1	1	1	1	3	1	1	1	4	4	4	4	4	4	4	4	4
6329	2	2	2	1	1	1	2	3	4	1	2	2	1	2	1	1	1	1
6370	1	1	1	2	3	1	2	3	3	99	4	2	4	4	3	4	4	2
6401	3	2	2	3	3	3	4	4	3	3	3	3	3	4	3	2	4	2
6421	1	1	1	1	1	3	2	1	4	4	3	3	4	3	3	4	4	3
6455	2	2	2	2	3	3	3	3	3	3	3	3	3	3	99	99	2	2
6479	1	2	2	2	2	3	2	3	4	2	2	3	2	2	3	2	2	3
6480	1	2	2	1	1	1	2	2	2	1	2	3	3	2	3	2	2	1
6486	2	2	2	2	2	1	3	3	3	2	3	4	4	4	4	2	2	4
6503	1	2	1	2	4	4	4	4	4	4	4	4	4	4	4	4	4	4
6512	1	1	1	1	1	2	1	2	1	1	2	4	1	2	3	2	2	2
6522	1	1	1	1	1	1	1	1	1	3	2	3	2	2	2	2	2	2
6544	2	4	4	3	2	2	4	4	4	3	3	3	4	4	4	4	4	4
6592	1	2	2	1	2	1	1	2	4	3	3	3	3	4	3	3	3	3
6638	2	2	2	2	2	1	2	3	2	3	2	3	3	3	3	3	3	3
6694	2	2	3	2	2	3	4	4	4	1	1	99	1	1	2	1	1	99
6699	2	2	2	2	1	1	3	3	4	2	2	2	3	2	3	2	2	1
6732	2	1	1	2	1	2	2	2	2	2	1	2	2	1	2	2	2	2
6739	3	2	2	3	3	2	3	3	3	2	2	3	2	2	3	2	2	2
6741	2	2	2	1	1	2	2	2	4	2	2	2	3	2	2	1	1	1
6764	1	2	2	2	2	3	2	3	3	2	3	3	2	3	3	2	3	3
6799	2	2	2	2	2	2	2	2	2	1	2	1	2	3	3	2	1	2
6837	2	3	3	3	3	3	4	3	4	2	2	3	2	2	3	1	2	2
6838	2	1	2	2	1	1	1	2	1	2	4	3	2	2	2	1	2	2
6877	1	1	2	4	1	1	3	4	3	1	3	2	3	3	3	1	2	1
6934	2	2	1	1	1	1	3	2	1	2	2	2	3	2	3	2	2	3
6983	1	2	2	2	3	1	2	2	2	2	3	2	2	2	2	1	1	1
6986	2	2	2	2	2	2	2	3	1	2	3	3	99	3	2	1	2	2
7006	2	2	2	1	1	1	3	3	3	2	2	2	2	3	2	2	2	2
7017	2	2	2	4	4	3	4	2	4	1	1	1	1	1	1	1	1	1
7025	1	1	1	4	4	4	4	3	2	4	4	3	4	4	3	3	4	2
7026	1	1	1	1	1	1	1	2	2	3	4	4	4	4	4	4	4	4
7029	1	1	1	1	2	2	2	2	2	3	2	4	2	2	2	2	2	2
7036	3	3	3	4	4	4	4	4	3	2	2	2	2	2	2	2	2	2
7049	1	1	1	2	1	1	2	2	2	1	1	2	2	1	2	1	1	2
7073	3	2	2	3	3	3	3	4	3	3	3	3	2	2	2	1	2	1
7137	2	2	2	3	3	3	3	3	3	2	2	1	1	1	1	1	1	1
7161	1	2	1	1	1	1	2	3	2	1	1	2	2	2	1	2	2	2
7183	1	1	1	2	2	2	3	2	3	2	2	3	2	3	3	2	2	2
7199	1	1	2	1	2	2	1	1	2	3	4	3	3	4	4	2	4	2
7200	2	2	2	3	2	3	2	3	2	1	1	2	1	1	1	1	2	2
7215	3	3	2	4	2	2	4	4	3	1	1	1	1	1	1	1	1	1
7225	1	3	3	4	4	4	4	4	4	2	2	2	3	3	3	2	3	2
7254	2	3	2	3	3	3	3	3	3	1	1	3	1	1	1	1	1	1
7274	2	2	1	2	2	2	4	4	3	2	3	3	4	3	4	2	2	2
7277	1	1	1	4	3	4	3	2	1	2	2	2	3	4	4	2	3	2
7339	1	1	2	1	2	2	1	2	2	3	2	2	4	3	3	4	3	3
7344	2	2	2	2	3	2	2	3	2	3	3	3	3	3	3	2	2	3
7384	2	1	1	1	1	1	2	2	2	1	1	1	1	1	1	1	1	1
7386	1	1	1	1	2	3	1	1	1	3	4	4	3	4	4	2	1	1
7396	2	1	2	1	1	1	2	2	2	4	4	4	4	4	4	4	4	4
7434	1	1	2	1	1	1	3	3	2	2	2	3	2	2	2	2	1	2
7465	1	1	1	2	2	3	2	3	1	2	3	3	3	3	3	2	2	3
7518	2	2	2	2	3	2	4	4	4	1	2	2	2	1	1	1	1	1
7524	2	2	2	3	3	3	3	3	3	1	1	2	1	1	2	1	1	2
7539	2	2	2	3	2	3	3	4	2	2	2	2	1	3	2	1	2	2
7543	2	1	1	1	2	1	2	3	3	4	4	3	4	4	3	4	4	3
7544	2	2	2	2	2	2	2	3	2	2	2	2	1	1	1	1	1	1
7602	2	2	1	4	4	4	4	4	4	2	1	3	2	2	3	1	2	3
7615	2	1	1	1	1	2	1	2	4	4	4	1	4	99	4	99	2	4
7636	3	3	3	3	3	3	4	4	4	1	2	2	1	1	2	1	1	2
7641	2	2	2	2	2	2	4	3	2	2	1	2	2	2	3	1	1	2
7645	2	3	2	3	3	2	3	3	3	2	1	2	2	1	2	2	1	1
7651	2	2	2	4	2	2	3	2	3	3	3	3	3	2	2	2	1	2
7652	2	1	1	2	2	4	2	2	2	2	2	2	2	3	2	2	1	2
7717	2	2	2	2	3	1	3	3	3	2	1	1	2	2	1	2	1	1
7727	1	1	1	1	2	2	1	2	2	3	3	3	3	3	3	3	2	3
7758	2	1	3	3	4	3	2	2	4	3	3	3	2	2	3	2	2	2
7772	1	2	1	1	1	1	1	1	2	4	4	4	4	4	4	4	4	4
7797	1	2	1	1	1	1	1	3	2	2	2	2	2	2	1	2	2	2
7820	1	1	1	1	2	1	3	3	2	1	2	2	1	2	3	2	2	2
7870	3	4	4	4	4	4	4	4	4	1	2	2	2	2	2	1	1	1
7896	3	3	2	3	2	2	4	4	4	2	1	2	2	2	1	1	1	2
7961	1	2	2	3	3	2	4	2	2	2	2	2	3	3	2	2	2	2
7994	2	2	2	2	1	2	4	3	4	1	3	2	1	1	1	1	2	1
8016	2	2	2	3	2	2	3	2	3	1	2	4	1	4	4	2	3	3
8022	1	1	1	2	4	2	2	3	3	2	1	3	2	1	3	4	1	3
8032	1	1	1	2	2	2	2	1	2	4	1	3	2	4	4	2	1	3
8051	2	1	1	1	1	1	4	2	1	4	4	4	4	4	4	4	4	4
8052	2	2	2	3	3	3	4	4	4	2	2	2	2	2	2	2	2	2
8102	1	1	1	1	1	1	1	1	1	4	4	4	1	99	4	3	4	4
8154	2	3	2	3	2	2	4	3	2	3	3	3	4	4	3	4	3	3
8185	1	1	1	1	1	1	1	1	2	3	2	99	3	99	99	2	3	2
8231	2	2	2	2	3	3	4	3	2	2	2	3	2	2	2	2	2	2
8245	2	2	2	3	2	1	4	4	2	3	2	2	3	3	4	1	2	2
8266	2	1	2	1	1	1	2	2	2	2	2	2	3	3	2	2	2	2
8288	1	3	3	2	1	4	2	4	4	3	2	3	3	3	4	2	3	2
8306	3	3	2	3	3	3	4	4	3	2	2	2	2	2	2	2	2	2
8321	2	2	1	3	2	2	3	2	2	2	3	3	2	2	2	2	2	2
8338	1	1	2	3	3	3	3	3	2	2	2	2	2	2	2	2	2	2
8380	3	3	2	1	1	1	4	3	4	1	2	4	4	4	4	4	4	4
8403	3	3	3	2	1	1	4	3	4	1	1	1	1	1	2	1	2	1
8415	2	1	2	1	1	1	4	3	3	2	4	1	2	3	1	1	1	1
8421	1	1	1	1	1	1	1	2	1	3	3	3	3	2	3	3	3	3
8438	2	2	1	3	3	3	3	3	3	1	2	2	3	2	2	1	2	2
8457	1	2	1	2	2	2	1	2	1	3	1	3	4	3	3	1	1	2
8475	2	4	3	3	4	4	4	4	4	3	1	2	2	2	2	2	2	2
8497	2	2	3	2	4	3	3	4	4	2	2	2	2	4	3	4	4	3
8512	2	2	2	2	3	3	3	4	4	2	2	2	2	2	2	2	2	2
8565	1	2	2	1	3	3	2	2	2	4	3	99	4	3	3	2	2	99
8621	2	2	2	3	2	2	4	2	3	4	3	3	4	3	3	2	2	3
8665	1	1	1	1	1	3	4	2	4	2	1	1	2	1	1	1	2	1
8687	1	1	2	1	2	3	2	3	3	2	1	1	1	1	1	1	2	2
8688	2	2	2	3	2	1	3	2	2	1	2	1	1	2	1	2	2	1
8693	1	1	1	1	1	1	1	3	3	4	4	3	4	4	3	4	4	99
8699	2	3	3	2	4	3	4	4	4	3	3	3	3	4	4	3	3	2
8731	1	2	2	2	3	3	3	2	4	3	3	3	3	3	3	2	2	2
8752	1	1	1	1	1	2	1	1	1	4	4	4	4	4	4	4	4	4
8770	2	1	2	3	4	4	4	3	2	2	1	2	1	1	2	1	1	1
8805	2	2	2	2	2	3	2	3	3	1	1	2	1	1	2	1	1	2
8819	2	2	2	2	1	1	2	2	2	2	2	2	2	2	2	1	2	2
8830	1	1	1	1	1	1	1	3	1	2	2	4	4	4	4	2	3	2
8831	1	2	2	1	1	1	2	2	2	4	3	4	4	3	4	4	3	4
8846	2	2	2	3	2	2	4	4	2	2	1	2	2	2	2	1	1	1
8856	2	1	1	1	2	1	3	2	2	1	2	2	4	2	3	1	2	2
8882	2	2	2	2	2	2	4	2	4	2	2	2	2	2	2	1	1	1
8905	2	2	2	3	4	3	4	4	3	2	1	1	3	1	2	2	1	1
8951	2	2	2	3	2	2	3	3	3	2	2	2	2	2	2	2	2	2
8967	2	2	2	1	1	2	2	2	2	4	4	4	4	4	4	1	2	1
8980	3	2	2	4	3	3	3	3	4	2	2	2	2	2	2	2	2	2
8984	1	2	2	2	3	2	3	3	2	4	4	4	4	4	4	4	4	3
9024	2	3	3	2	4	3	3	3	4	2	2	3	2	2	2	2	2	2
9026	2	1	2	1	2	1	3	2	2	2	2	2	2	2	2	2	2	2
9045	1	2	1	2	1	1	3	2	2	1	3	2	2	2	3	2	2	2
9052	2	2	2	1	1	3	2	2	3	4	3	4	4	3	3	2	3	2
9070	1	1	1	1	1	1	2	1	1	3	2	2	3	2	2	3	2	3
9087	3	3	2	3	3	3	4	3	3	2	2	3	2	4	4	2	2	2
9101	2	1	2	3	2	3	2	3	2	2	3	3	2	3	2	1	1	1
9110	4	4	2	3	2	99	3	4	4	2	3	2	4	4	3	2	2	2
9148	3	3	3	4	4	3	4	4	3	1	1	1	1	1	1	1	2	2
9163	1	2	2	1	1	2	3	2	3	3	3	4	3	4	4	3	3	3
9172	2	2	2	3	3	2	3	3	2	1	2	2	1	2	3	1	2	2
9176	4	3	3	4	3	3	4	4	4	2	2	2	2	2	2	3	3	2
9181	1	1	1	1	1	2	3	2	2	4	4	3	4	4	4	4	4	4
9238	1	1	1	1	1	1	2	1	1	2	4	4	2	4	4	3	4	4
9245	2	2	1	2	1	1	2	2	2	2	3	3	3	2	3	2	2	3
9279	4	3	2	2	2	3	4	4	3	3	3	3	3	3	4	1	3	4
9280	3	3	2	3	3	4	4	4	4	1	2	2	1	2	2	1	2	2
9284	1	1	1	3	3	4	3	3	2	3	2	4	3	2	1	2	2	2
9296	2	2	1	1	2	2	3	2	2	4	3	3	4	3	3	2	2	3
9325	2	1	1	1	3	3	3	1	2	1	4	4	1	4	2	3	3	2
9348	3	4	4	4	3	3	4	4	4	1	1	1	1	1	3	1	1	1
9369	2	2	2	1	2	3	3	2	3	4	3	4	4	4	4	2	2	3
9393	3	2	2	3	3	4	4	3	2	1	1	1	1	1	1	1	1	1
9441	2	2	2	1	3	2	3	4	3	2	2	2	3	3	2	2	2	2
9459	2	2	3	2	2	3	2	3	3	4	3	2	4	4	2	3	4	2
9479	3	2	3	4	2	3	4	3	3	1	2	99	1	2	2	1	2	2
9519	2	1	4	3	3	3	3	3	3	3	3	3	3	3	3	3	3	3
9566	1	1	2	1	1	1	2	1	2	2	2	2	2	2	2	2	2	2
9593	2	2	2	1	1	1	2	2	1	3	2	2	3	3	3	3	2	2
9620	1	1	1	1	1	1	1	3	3	3	2	2	3	2	2	3	3	2
9660	1	1	1	1	1	1	1	2	1	2	4	4	4	4	4	4	4	4
9705	2	1	1	3	1	1	2	4	1	3	1	4	1	4	4	1	4	4
9765	1	2	3	1	1	3	3	2	3	2	2	2	1	2	1	2	2	1
9832	1	1	1	1	1	2	3	2	2	1	2	2	2	2	2	2	2	2
9837	2	2	1	3	1	2	2	3	1	2	3	3	3	3	3	3	3	2
9843	1	1	1	2	1	1	1	2	3	3	2	2	1	2	2	1	2	2
9849	1	2	2	2	3	2	3	3	2	2	2	2	2	2	2	2	2	2
9855	3	3	3	3	3	3	4	3	3	2	2	2	2	2	2	2	2	2
9927	2	1	2	2	2	3	2	2	3	2	2	2	2	2	2	2	3	2
9938	2	3	3	1	1	1	4	3	4	2	2	2	3	3	2	2	1	2
9988	2	3	3	4	2	3	4	3	4	2	2	4	3	3	4	3	3	4
10016	2	1	2	1	1	1	1	1	2	2	2	2	4	2	3	3	3	4
10066	3	2	3	1	2	3	4	4	3	3	99	3	3	2	2	2	1	2
10109	2	2	2	2	2	3	3	3	4	1	1	2	1	1	2	1	1	2
10112	1	1	1	2	2	1	2	1	1	2	3	3	99	3	3	99	2	2
10130	2	2	2	1	3	1	3	4	1	4	4	4	4	4	4	3	3	4
10179	2	3	2	2	1	2	2	2	2	2	3	3	2	3	3	2	2	3
10180	1	1	1	2	1	1	2	2	1	1	2	2	1	2	2	1	2	2
10209	2	2	2	2	2	1	2	3	2	3	2	3	2	1	2	2	1	3
10234	2	2	2	1	1	2	2	2	2	4	3	3	4	3	4	4	4	3
10314	99	1	1	2	2	2	3	4	4	4	1	4	4	4	4	4	3	4
10337	2	3	3	3	4	2	3	3	3	2	2	3	2	2	2	2	2	2
10344	1	2	2	3	1	1	3	1	3	4	4	4	4	4	4	4	4	3
10353	2	2	2	2	2	1	3	2	2	4	4	4	3	4	2	1	2	1
10361	2	2	2	1	1	1	3	2	3	3	3	3	3	2	2	1	2	2
10365	2	2	2	3	1	1	3	3	2	3	3	3	4	4	3	4	3	3
10412	2	2	2	1	1	1	2	3	3	3	3	3	3	3	3	3	2	3
10454	2	2	2	2	1	2	3	3	2	2	2	2	2	2	99	2	2	2
10494	1	2	2	2	1	1	2	2	2	4	3	3	4	3	4	2	3	3
10529	2	2	2	4	4	4	4	4	4	1	1	1	1	1	1	1	1	1
10554	1	1	1	1	1	1	2	1	2	2	4	2	3	4	4	3	3	99
10562	2	1	1	1	3	2	4	4	2	1	1	3	1	1	1	1	2	1
10688	4	2	3	4	3	3	4	4	4	2	2	1	2	1	1	1	1	1
10752	1	1	3	3	1	1	1	3	2	4	4	3	4	4	4	2	2	2
10773	1	1	1	1	1	1	2	1	2	3	4	4	4	4	4	2	4	4
10806	2	2	2	4	4	4	4	2	3	2	2	2	2	2	2	1	1	1
10818	2	3	2	2	2	3	2	2	3	2	2	1	2	3	1	2	3	2
10831	1	1	1	1	1	1	1	1	1	3	3	2	3	3	3	3	2	2
10838	2	2	2	2	2	2	2	3	2	2	3	3	3	2	3	2	2	3
10859	1	1	2	1	1	1	3	3	4	2	2	3	2	2	4	3	4	4
10861	2	2	2	3	3	2	3	3	2	3	3	3	3	3	4	3	3	3
10903	1	1	1	1	1	1	2	1	1	3	2	2	3	4	4	2	2	2
10912	3	3	2	4	4	2	4	4	4	1	2	2	1	2	2	3	2	2
10938	3	4	4	4	3	4	4	4	4	1	3	4	2	3	4	1	1	1
10944	1	1	1	1	1	1	4	1	1	99	3	3	3	3	4	99	2	3
10962	3	3	3	2	1	1	2	2	2	3	3	3	3	3	2	2	3	3
11005	2	2	3	4	4	4	4	4	4	1	1	2	1	1	1	1	1	1
11012	2	2	2	2	3	3	4	3	3	3	4	3	3	4	3	2	2	2
11013	2	1	1	3	3	2	2	1	2	2	2	2	4	4	4	2	2	2
11030	2	3	3	3	3	3	3	3	3	2	1	2	2	1	2	1	1	1
11039	1	1	1	1	1	1	1	1	1	2	2	4	4	4	4	2	2	3
11075	1	1	1	1	1	1	1	1	1	3	3	3	4	4	3	4	4	2
11135	2	2	2	3	3	3	3	3	4	4	4	3	4	4	4	1	1	1
11170	2	2	2	2	3	3	3	4	3	1	1	1	2	1	1	2	1	2
11198	2	2	2	2	2	2	2	4	4	2	2	2	2	2	2	1	1	1
11213	2	2	2	1	1	1	3	2	3	4	3	3	4	3	3	1	2	2
11249	1	2	2	2	1	1	2	3	3	4	2	4	4	3	4	4	3	4
11257	1	1	2	1	1	1	2	2	2	2	2	3	2	2	3	2	2	2
11343	4	4	4	3	3	3	4	4	4	2	2	3	3	2	1	1	2	1
11368	2	2	2	2	2	2	3	3	3	2	2	2	2	2	2	1	2	2
11375	2	2	2	3	2	2	3	2	4	2	99	3	2	2	2	2	1	2
11390	2	2	2	1	2	2	1	2	4	1	2	2	1	3	2	2	2	2
11440	1	1	1	2	1	2	2	2	2	3	4	3	3	3	2	2	3	2
11447	1	1	2	2	1	1	2	1	2	4	2	2	3	3	2	2	2	2
11452	2	2	3	4	2	3	4	4	3	1	2	99	3	2	2	2	3	3
11489	2	2	2	2	2	2	2	2	2	2	3	2	2	2	2	2	2	2
11504	2	2	2	3	4	4	4	4	4	1	1	2	1	2	2	1	1	2
11538	3	4	4	4	1	3	4	3	2	2	4	4	3	4	4	2	4	4
11555	2	2	2	1	1	2	3	2	4	1	3	4	1	2	3	1	2	2
11586	2	1	1	2	3	3	2	3	3	4	4	4	4	4	4	4	4	4
11610	2	2	2	3	1	2	3	3	3	2	2	2	3	3	2	2	2	2
11612	1	1	1	3	1	1	3	2	3	1	2	2	1	2	2	3	2	3
11633	2	2	2	1	2	1	1	2	4	3	4	4	4	4	4	3	2	3
11707	2	2	2	3	1	3	4	4	4	2	1	2	2	3	2	2	2	2
11708	1	2	1	1	1	1	1	2	2	4	4	3	2	2	1	2	2	1
11709	1	2	1	1	1	1	3	2	4	4	4	4	4	4	4	2	2	1
11721	1	1	1	1	1	1	1	1	1	4	3	3	4	3	4	3	2	2
11735	1	1	1	1	1	1	1	2	1	1	2	2	3	3	4	2	2	2
11742	2	3	2	4	2	4	2	4	4	3	3	3	2	2	3	2	3	2
11765	2	2	1	3	2	1	2	2	2	1	1	1	1	1	1	1	1	1
11768	1	1	1	3	3	3	4	3	4	1	1	1	2	1	1	2	1	1
11859	2	2	2	4	2	3	4	2	3	3	3	2	2	2	2	2	2	2
11863	2	2	2	3	4	3	3	3	3	3	2	2	3	3	2	2	2	2
11865	2	1	2	1	1	1	4	4	4	2	1	1	3	3	2	2	1	1
11876	1	1	1	2	2	1	2	2	4	1	1	2	1	1	2	2	1	2
11912	1	2	1	1	1	1	2	2	2	3	3	4	3	4	4	3	3	2
12029	2	2	2	3	2	2	3	3	3	2	3	3	3	3	3	2	3	2
12043	1	1	1	1	1	1	1	1	1	4	4	4	4	4	4	4	3	4
12048	1	1	1	1	1	1	1	1	1	4	4	4	4	4	4	4	4	4
12125	2	2	2	3	3	3	3	3	3	2	2	2	2	2	2	2	2	2
12128	2	1	1	1	1	1	2	3	2	3	4	4	4	4	4	2	2	4
12173	1	1	1	1	1	1	1	1	1	2	2	2	2	2	2	2	2	2
12190	1	1	1	3	3	3	2	2	3	3	3	3	3	2	2	1	1	2
12194	1	1	1	4	2	3	2	1	2	2	2	2	1	1	1	2	1	1
12254	2	2	3	3	3	4	4	4	4	2	2	2	2	2	2	2	2	2
12255	1	1	1	1	1	1	2	2	2	2	4	3	4	4	4	2	3	3
12259	1	1	1	1	1	1	1	3	3	3	4	3	4	4	4	3	4	3
12301	1	1	1	1	1	2	1	1	1	3	2	2	3	2	2	3	2	2
12326	2	2	2	2	1	1	3	2	2	2	3	2	2	2	99	1	2	2
12384	2	2	3	3	3	3	3	3	3	3	3	2	3	3	3	3	3	3
12462	1	1	2	2	2	2	2	2	3	3	2	2	2	2	3	2	3	2
12483	2	2	2	1	1	2	2	3	3	2	2	2	2	2	2	1	1	2
12546	2	2	2	4	2	2	3	2	1	1	99	1	4	3	2	2	2	3
12559	2	2	2	2	2	1	2	1	1	2	1	2	3	3	4	2	4	3
12565	1	1	1	3	3	3	3	3	3	4	4	4	4	4	4	2	3	2
12641	2	2	2	3	2	2	4	3	3	1	1	1	1	2	1	1	2	2
12737	2	2	2	2	2	3	4	2	2	2	3	2	4	3	3	4	3	2
12776	2	2	2	1	1	1	1	2	1	2	2	1	3	2	2	2	2	2
12948	2	2	2	3	2	2	2	3	2	2	1	1	2	1	1	1	2	2
12952	2	2	2	3	3	3	2	3	3	2	2	2	2	2	2	1	2	2
12999	1	1	1	1	1	1	2	2	2	4	4	3	4	4	4	4	4	4
13042	2	2	2	4	3	3	4	3	3	2	2	2	2	1	2	2	2	2
13061	2	2	2	4	2	2	2	2	2	2	1	1	2	2	2	2	1	1
13082	2	2	2	2	2	2	3	1	2	3	4	4	4	4	4	2	4	4
13162	3	2	2	1	3	1	4	3	3	2	2	2	2	2	2	2	1	1
13163	2	3	2	3	2	3	3	3	3	1	1	1	1	1	2	1	1	1
13229	2	2	2	2	2	1	2	2	3	3	3	4	3	3	4	3	2	99
13240	2	2	3	3	4	3	3	4	3	2	2	2	3	3	3	3	3	2
13262	1	1	1	1	1	1	2	1	1	3	4	4	2	4	4	2	4	2
13295	2	2	3	2	1	1	4	2	3	2	1	2	2	1	2	2	1	2
13321	1	1	1	3	3	1	3	1	1	2	3	2	3	3	3	2	2	3
13335	2	2	2	2	3	2	2	2	2	1	1	1	1	1	1	1	2	1
13356	2	2	2	2	2	3	3	4	3	2	2	2	2	2	2	2	2	2
13363	4	4	4	4	4	4	4	4	4	1	1	1	1	1	1	1	1	1
13376	2	1	2	4	3	3	4	3	3	2	2	2	2	2	2	1	2	2
13542	2	2	2	3	3	3	4	3	3	2	2	2	2	2	2	2	2	2
13552	3	3	3	2	3	3	4	3	3	2	2	2	2	2	2	2	2	2
13558	2	2	3	1	1	1	2	3	2	2	3	3	3	4	4	2	1	2
13620	1	1	1	1	1	1	2	2	1	2	2	2	4	3	3	1	2	2
13641	2	2	2	2	2	2	2	2	2	2	2	3	2	3	3	2	2	3
13687	1	1	1	1	1	1	1	2	1	4	4	3	4	4	3	1	2	2
13713	1	1	1	1	1	2	2	2	2	2	1	2	1	2	2	1	1	2
13719	1	1	2	2	4	2	2	3	2	3	2	2	2	2	2	2	3	1
13733	1	1	1	2	1	1	3	2	2	4	2	2	4	3	2	4	3	2
13739	4	3	3	3	3	3	4	4	3	2	2	2	2	2	2	2	3	2
13743	1	1	1	1	1	1	1	1	1	2	3	3	3	3	3	2	2	3
13764	4	2	3	1	2	1	4	4	4	1	1	2	2	2	2	1	2	1
13771	1	1	1	1	3	4	1	3	3	3	2	2	3	3	2	1	4	3
13778	2	2	2	1	2	3	3	3	2	2	2	2	2	2	2	2	2	2
13807	1	1	1	1	3	3	4	1	3	3	3	3	99	2	3	2	2	1
13842	3	2	2	3	3	3	4	4	4	1	2	2	1	2	1	1	2	1
13911	2	2	2	2	1	2	3	3	2	3	2	2	3	2	2	1	2	2
13912	2	1	2	1	1	1	2	2	2	3	2	3	3	3	2	1	1	2
13916	1	1	1	1	99	1	2	3	2	1	1	1	3	1	1	1	1	1
13971	3	2	2	3	3	3	4	4	4	3	3	3	3	3	3	2	2	2
14010	2	2	2	3	3	2	4	4	3	1	1	1	1	1	2	1	1	1
14018	1	2	1	1	1	2	2	2	2	2	4	3	4	4	3	2	3	3
14055	2	2	2	3	3	3	3	3	4	2	2	2	2	2	2	2	2	2
14064	1	1	2	2	2	2	2	2	2	3	2	3	3	3	3	2	2	2
14094	1	1	1	1	1	1	1	2	1	2	3	2	2	99	2	1	2	2
14104	2	2	2	3	2	2	3	4	2	2	1	2	2	1	2	2	1	2
14107	2	2	2	4	4	2	4	3	3	1	2	2	1	2	2	2	1	2
14157	2	2	2	3	3	3	3	3	3	1	2	1	1	1	1	1	1	1
14181	2	2	2	2	1	2	3	3	3	1	1	1	1	1	1	1	1	1
14183	2	1	1	1	1	1	2	2	2	2	2	3	3	3	4	2	3	3
14186	1	2	2	1	2	2	3	2	3	4	2	3	99	3	2	2	1	2
14211	2	2	2	2	2	2	3	2	3	2	2	2	2	2	2	2	2	2
14230	2	2	2	4	4	3	3	4	4	1	2	2	2	2	1	1	2	1
14240	2	2	2	1	2	2	2	3	2	1	1	1	2	1	1	1	1	2
14283	2	2	2	3	3	3	3	4	4	2	1	2	2	1	1	2	3	1
14302	1	1	1	1	1	1	1	1	1	2	1	2	2	2	2	2	2	2
14405	1	2	2	3	4	4	4	4	4	2	2	3	3	3	3	1	2	2
14425	2	2	2	4	4	4	3	4	4	1	2	2	3	2	2	3	3	3
14451	1	2	2	1	1	1	1	1	2	4	4	3	2	4	4	1	4	4
14454	1	1	1	1	1	1	1	1	1	2	2	3	2	2	99	1	2	2
14465	1	1	1	1	1	1	2	2	2	2	3	4	3	3	4	2	3	2
14503	2	2	2	2	2	3	4	2	3	2	1	1	1	1	1	1	1	1
14528	2	2	2	3	3	2	2	2	3	2	1	2	2	1	1	2	2	2
14560	1	2	2	1	1	1	3	2	2	2	2	2	2	3	3	2	2	2
14570	1	1	1	1	1	1	1	1	2	4	3	3	4	3	4	4	3	4
14595	2	4	2	2	3	2	4	3	2	3	3	3	4	3	3	4	3	4
14596	2	2	2	1	1	1	1	2	3	4	4	4	4	4	2	2	4	4
14676	1	1	1	1	1	1	2	1	1	3	3	4	4	4	4	4	3	4
14688	2	2	2	1	1	2	2	2	2	1	2	1	2	1	1	1	1	1
14730	2	2	2	2	1	2	3	2	2	2	2	2	2	2	2	2	2	2
14735	2	1	2	1	2	1	2	2	2	3	3	2	3	3	2	4	3	4
14747	4	4	4	3	4	4	4	4	4	99	99	1	2	99	2	2	2	2
14802	2	2	2	2	3	2	2	3	3	2	2	2	1	3	2	2	1	3
14824	3	2	2	3	3	1	3	3	3	1	2	2	1	2	2	1	2	2
14830	3	2	2	2	3	2	2	4	3	3	2	2	3	4	2	1	1	1
14907	1	1	1	1	2	3	3	2	2	2	2	2	2	2	3	2	2	2
14912	99	2	2	4	4	4	4	4	4	2	1	3	1	1	2	1	1	2
14919	3	1	2	4	2	2	2	1	1	2	2	99	3	2	2	1	2	3
14939	2	2	2	2	3	3	2	3	3	1	2	2	1	2	2	1	2	1
14940	1	2	2	3	2	2	2	2	2	4	3	3	4	3	3	2	2	2
14983	2	2	2	3	2	3	3	3	3	2	2	2	3	3	3	4	3	3
14998	2	1	1	2	2	2	2	2	2	2	3	2	2	2	2	2	2	2
15062	2	1	2	4	1	2	4	4	4	1	3	1	3	2	1	2	1	2
15071	2	2	2	1	2	2	3	2	2	4	2	3	3	2	3	2	3	2
15123	2	2	2	3	4	3	4	4	4	3	3	3	3	3	3	2	3	2
15163	1	1	1	1	1	2	2	2	2	1	2	2	1	2	2	2	2	2
15206	2	2	2	2	3	3	3	3	3	2	2	2	3	2	3	2	2	2
15247	1	1	1	2	1	1	2	1	1	3	2	3	3	2	3	99	2	3
15258	1	2	1	1	1	1	1	2	1	1	2	2	4	3	3	2	3	1
15275	2	2	2	3	4	3	4	4	3	1	1	2	1	1	2	1	1	1
15300	3	2	2	2	3	3	3	4	3	1	2	2	2	2	2	1	1	2
15324	2	2	2	3	3	3	4	2	3	1	2	4	3	4	4	2	2	1
15337	1	2	2	3	2	1	2	2	2	2	2	2	4	4	3	2	2	2
15366	1	1	1	3	1	2	2	2	1	2	1	2	2	2	2	2	2	2
15396	2	2	2	3	3	3	3	3	3	1	2	2	2	2	2	1	2	2
15413	1	1	1	1	1	2	2	3	4	4	2	3	4	3	4	2	2	2
15462	2	2	2	2	2	2	4	4	3	2	2	2	2	2	2	2	2	1
15491	2	2	2	2	2	1	3	3	4	1	2	2	1	2	2	2	1	2
15507	2	2	2	2	2	2	3	3	2	2	2	2	2	2	2	2	2	1
15556	1	1	1	2	2	1	2	1	2	3	3	4	3	3	4	3	3	3
15627	2	2	2	3	2	2	4	4	4	1	2	1	1	1	1	1	1	1
15647	2	1	1	1	1	1	3	3	1	3	3	3	3	3	4	2	1	2
15674	1	2	2	2	2	2	4	3	2	2	2	3	2	2	3	2	2	2
15680	2	1	1	1	1	2	4	2	2	1	2	2	1	2	2	2	2	2
15702	3	2	3	4	2	2	4	4	4	3	3	3	2	3	2	2	2	2
15723	1	2	2	2	3	3	2	2	3	1	1	1	1	1	1	1	1	1
15733	1	1	1	1	1	3	2	2	3	4	3	4	4	3	4	3	3	4
15748	2	2	2	2	3	3	3	4	3	3	3	2	3	2	2	2	3	2
15781	1	2	2	2	2	1	3	2	2	2	2	3	2	3	3	2	2	2
15787	1	1	2	1	1	1	1	1	1	4	3	4	4	3	3	4	3	3
15815	1	1	1	1	2	1	1	1	1	4	4	4	3	4	4	3	4	4
15835	1	1	1	1	1	1	3	1	1	4	2	4	4	4	2	4	4	4
15855	3	2	2	3	3	3	3	3	4	1	3	2	3	2	2	1	1	2
15872	1	2	1	1	1	1	2	2	2	1	1	3	2	1	3	2	1	2
15874	2	2	3	2	2	3	2	2	4	1	2	2	1	2	2	1	1	2
15878	2	2	1	2	3	1	2	2	2	1	3	3	4	4	3	2	3	2
15929	3	3	3	3	3	3	4	3	3	1	2	2	1	2	2	1	2	1
15972	1	2	1	1	1	1	2	3	3	2	3	3	2	3	3	2	2	3
16065	3	3	3	3	3	3	3	3	4	1	1	1	1	1	1	1	1	1
16072	2	2	1	1	2	1	2	2	2	3	4	4	2	99	2	2	4	3
16091	1	1	1	1	1	1	1	1	1	2	2	2	2	2	2	2	2	2
16095	3	2	3	2	1	1	3	3	3	1	1	1	1	1	1	2	1	1
16099	1	2	1	1	1	1	2	3	1	4	2	3	4	3	3	4	2	3
16109	2	2	2	3	2	1	3	3	1	2	3	3	3	4	3	3	4	3
16135	2	2	2	2	2	3	2	3	2	2	3	3	3	3	4	2	2	3
16159	2	2	2	3	2	3	3	3	3	1	1	99	1	1	1	1	1	1
16175	1	1	1	1	3	2	3	3	2	2	1	2	2	1	2	2	1	2
16178	1	1	1	1	1	1	1	1	1	4	3	3	4	3	3	3	2	3
16277	3	2	3	3	3	3	4	4	3	1	1	2	1	1	2	1	1	1
16319	2	1	1	4	1	3	4	2	3	1	1	2	1	1	1	1	1	1
16322	3	2	2	3	3	2	3	3	3	2	2	2	2	2	2	1	2	1
16339	2	2	2	2	2	2	3	2	2	2	2	3	3	3	3	2	2	3
16371	2	3	2	1	3	1	2	2	2	2	1	2	2	2	2	1	2	2
16372	2	2	2	3	4	4	3	4	4	1	1	1	1	1	1	1	1	1
16411	1	1	1	2	2	2	1	3	1	2	3	3	4	4	3	1	2	3
16423	2	2	2	1	3	4	1	2	2	1	1	1	1	1	1	1	1	1
16438	2	2	2	3	2	3	3	2	3	1	1	2	1	2	2	2	2	2
16455	1	2	2	1	1	1	3	3	1	4	4	2	4	4	2	4	4	2
16473	1	1	1	1	1	1	2	2	2	4	3	4	4	3	3	2	2	2
16492	2	3	2	4	2	3	3	4	4	2	2	1	2	2	1	2	1	2
16517	2	2	2	2	3	3	3	2	2	2	99	2	2	2	2	2	2	2
16598	1	1	1	1	1	1	1	1	1	4	3	4	4	4	4	4	4	4
16692	1	2	1	2	2	4	3	3	2	2	2	3	3	3	2	1	2	2
16717	1	2	2	1	1	1	2	2	2	4	4	3	4	4	3	2	2	2
16747	1	1	2	2	2	2	3	2	2	3	3	3	3	3	3	2	3	3
16749	1	2	2	1	1	1	1	4	3	4	2	4	4	3	4	2	99	2
16759	1	1	1	1	1	1	1	1	1	4	1	4	4	3	4	2	4	4
16813	2	2	2	2	3	2	2	3	3	2	2	2	2	2	2	2	2	2
16824	2	2	2	3	3	3	3	3	3	1	1	2	1	1	2	1	1	1
16837	2	2	2	1	2	2	3	3	3	2	2	2	3	3	3	2	2	3
16842	2	3	3	3	3	3	3	4	3	2	2	2	4	2	2	99	99	3
16851	2	2	2	1	3	1	2	3	1	3	3	3	2	3	3	1	4	4
16875	2	2	2	2	3	3	3	3	3	1	1	1	1	1	1	1	1	1
16907	2	3	2	1	1	2	3	4	4	2	2	2	2	1	2	1	1	2
16917	1	1	2	1	1	3	1	2	3	4	4	4	4	4	3	4	4	3
16941	2	4	2	1	3	3	3	4	3	1	2	2	1	2	2	1	1	2
16973	1	1	1	3	2	3	3	3	2	3	4	4	3	4	4	2	3	2
17011	2	2	1	2	2	2	2	2	1	2	3	3	2	4	4	3	3	4
17036	1	1	2	1	1	1	1	2	2	3	3	4	3	3	4	3	3	4
17054	2	2	2	3	2	2	2	2	4	2	1	2	2	2	2	2	2	2
17099	3	3	3	3	3	3	4	3	4	1	1	2	2	1	2	2	1	1
17151	2	2	2	1	2	1	3	3	3	3	3	3	3	3	3	2	2	2
17158	3	4	4	4	4	4	4	4	4	4	4	4	4	4	4	2	2	2
17167	3	2	2	3	3	1	4	4	3	2	2	2	3	2	3	2	3	2
17179	1	2	2	2	2	4	2	2	4	1	2	1	3	3	1	3	3	1
17187	2	2	2	2	2	2	3	3	2	2	2	2	3	2	2	2	2	2
17238	1	2	2	1	3	1	1	2	2	2	3	3	4	3	3	2	2	2
17265	2	2	2	3	3	3	3	2	2	1	2	1	2	2	1	1	1	1
17308	1	2	2	1	2	3	4	4	3	2	2	2	3	2	2	2	2	2
17402	4	3	3	4	3	3	4	4	4	1	1	2	1	1	1	1	1	2
17408	1	1	1	1	1	1	1	1	1	4	4	3	4	4	4	4	4	4
17582	2	2	2	3	1	2	2	3	3	3	1	99	4	4	4	4	3	4
17603	2	3	2	3	3	3	4	4	4	2	2	3	1	2	3	1	1	2
17614	2	1	2	1	1	1	4	1	2	4	4	4	4	4	4	4	4	4
17686	2	2	2	2	2	2	2	3	3	2	2	1	2	2	1	2	1	1
17765	2	2	2	4	3	3	3	2	2	4	3	3	3	3	3	2	2	3
17780	2	2	2	3	4	4	4	4	4	3	2	2	2	1	2	2	1	1
17813	1	1	1	3	2	2	2	2	2	4	4	4	4	4	4	4	3	4
17965	1	2	2	4	2	3	2	4	4	2	3	2	2	3	2	2	3	4
17971	1	1	1	1	1	1	1	3	1	99	2	99	4	4	3	2	2	99
18016	1	1	1	1	1	1	1	1	1	4	3	3	4	4	4	4	4	4
18132	1	2	2	2	4	3	2	2	2	3	4	4	2	3	3	1	1	1
18238	4	2	2	2	1	1	4	4	4	99	2	99	2	2	4	1	2	2
18260	2	2	2	1	1	1	3	3	3	3	4	4	4	4	4	3	4	3
18318	2	2	2	3	2	2	3	2	2	2	2	2	2	2	2	2	3	3
18325	1	1	1	3	3	1	1	2	1	4	4	4	4	4	4	4	4	4
18338	2	3	2	3	3	4	4	4	4	2	2	3	3	2	2	2	2	2
18417	1	1	1	1	1	99	1	1	1	3	3	4	4	3	4	2	2	3
18423	1	2	1	1	1	1	2	2	2	4	4	2	4	4	4	3	4	2
18584	2	2	2	2	2	2	2	2	2	1	1	2	2	3	2	2	2	1
18587	3	2	2	3	3	4	3	3	3	2	2	2	2	2	2	2	2	2
18620	4	3	3	3	3	3	4	4	4	2	2	2	2	2	2	2	2	2
18688	2	2	3	4	4	4	3	4	4	1	1	1	1	1	1	1	1	1
18763	1	2	2	2	2	2	4	3	4	3	3	2	2	2	2	2	2	2
18764	1	2	2	2	2	3	2	3	2	1	2	2	1	2	1	2	2	2
18810	1	1	1	1	1	1	1	1	1	2	2	2	3	2	2	4	2	2
18838	2	1	2	2	4	3	3	3	2	2	2	2	2	2	2	2	2	2
18849	2	2	1	3	2	2	2	4	2	3	2	2	3	4	4	3	2	99
18881	1	1	1	1	2	1	2	1	1	3	4	4	4	4	4	2	4	4
18942	3	3	2	4	3	4	4	4	3	2	3	3	2	2	99	2	2	2
18951	3	2	2	4	1	2	4	4	4	3	2	2	3	2	2	2	2	2
18971	1	1	1	2	1	1	3	3	2	2	2	2	4	3	4	3	2	3
18983	1	1	1	1	1	1	2	1	1	1	1	1	1	1	1	2	2	2
18988	2	3	2	4	3	1	4	4	4	4	2	2	4	4	3	4	2	2
19020	2	2	2	3	3	3	2	2	3	2	2	2	2	2	2	3	2	2
19138	3	3	3	1	4	4	2	3	4	99	2	99	99	2	99	2	2	99
19155	1	1	2	1	1	2	1	1	1	4	4	3	4	4	4	2	2	3
19160	1	1	1	1	1	1	1	1	1	3	4	3	4	3	3	1	2	2
19199	2	2	2	1	1	1	1	1	1	3	2	2	4	4	3	4	3	3
19219	2	2	2	2	2	3	4	2	3	2	2	2	99	3	4	1	3	2
19258	2	2	2	3	4	3	2	3	2	3	3	3	3	3	3	2	2	2
19287	2	2	3	2	2	2	4	4	4	2	2	2	2	2	3	2	2	2
19306	2	2	2	4	3	3	4	3	3	2	2	2	1	2	1	2	1	2
19308	1	1	1	1	2	1	1	1	1	3	2	3	3	4	2	2	2	2
19326	2	2	2	4	2	2	4	3	4	2	2	2	3	4	99	99	2	2
19336	2	2	2	1	1	1	2	3	3	3	2	2	3	3	2	2	2	1
19389	2	2	2	2	2	1	2	3	2	4	3	3	4	3	3	2	2	2
19425	3	3	3	4	4	4	4	4	4	2	2	2	2	2	2	2	2	2
19462	2	2	3	2	2	3	4	4	4	2	3	2	1	2	1	2	1	2
19472	2	2	2	2	3	2	3	2	2	1	2	2	1	2	2	1	2	2
19502	3	3	2	2	3	3	3	3	4	3	3	3	3	3	3	2	3	3
19520	1	1	1	1	1	1	2	2	2	2	1	1	2	2	2	2	2	2
19524	1	2	1	3	1	2	1	2	1	3	3	3	3	3	3	3	3	2
19555	2	1	2	1	1	1	1	2	1	3	4	4	4	4	4	4	3	4
19566	2	2	1	2	1	1	2	2	2	3	3	2	3	3	4	2	2	3
19635	2	2	2	3	3	2	3	3	3	2	2	3	2	3	3	2	2	2
19676	1	1	1	1	2	1	2	2	1	4	2	3	3	4	3	2	4	3
19689	3	2	2	3	2	2	3	2	3	1	1	2	2	1	2	2	2	2
19690	2	3	3	3	2	3	4	4	4	1	2	1	1	1	2	1	1	1
19707	1	1	1	1	1	1	3	1	1	3	3	3	2	3	3	2	2	3
19717	2	2	2	3	3	99	4	3	3	2	1	1	1	1	1	1	2	1
19726	1	2	1	1	2	1	1	2	2	2	3	3	2	3	3	3	4	3
19737	2	2	1	3	3	2	3	3	4	1	1	1	1	1	1	1	1	2
19744	1	2	1	1	1	1	3	2	2	3	4	4	3	4	4	3	3	4
19815	3	2	1	3	3	2	4	3	2	1	2	3	1	1	2	1	1	2
19825	2	2	2	3	3	3	3	2	3	2	1	2	2	1	2	1	1	1
19829	1	1	1	2	4	2	4	3	2	1	3	4	1	2	1	2	2	1
19867	2	1	1	2	2	1	2	1	1	2	2	3	2	3	3	2	2	2
19870	2	1	1	2	2	1	3	2	2	3	3	3	3	4	3	2	3	2
19874	1	2	2	1	1	1	3	3	3	1	1	2	1	1	1	1	3	1
19877	2	2	2	4	4	3	4	4	4	2	2	3	2	3	2	2	2	3
19885	1	1	1	1	1	1	2	1	1	2	4	3	4	3	4	2	3	3
19889	2	2	1	2	1	1	2	2	2	3	3	3	3	3	2	2	2	2
19931	2	2	1	1	2	1	2	3	2	1	1	2	1	1	2	2	2	2
19932	3	2	2	4	3	3	3	4	4	2	2	2	3	2	2	2	2	2
20015	1	1	2	1	1	2	3	3	2	3	3	2	3	2	3	2	2	2
20028	1	1	2	3	1	1	1	1	1	2	4	2	3	4	3	3	3	3
20066	2	1	2	2	1	2	3	1	2	2	2	3	2	2	2	2	2	2
20100	2	3	2	3	3	3	3	4	4	1	1	1	2	1	1	1	2	1
20148	2	1	2	3	3	2	3	2	4	3	3	3	3	3	2	2	2	2
20162	2	2	2	3	3	2	3	2	2	1	1	2	2	1	1	3	2	2
20182	1	1	1	1	2	2	2	2	2	4	4	4	4	4	4	4	4	4
20216	2	3	2	4	3	3	4	3	3	3	3	3	2	3	3	2	3	2
20235	2	2	2	2	1	1	2	2	2	3	3	3	3	3	3	2	2	3
20248	2	2	2	4	3	3	3	2	3	1	2	1	1	2	1	2	2	1
20255	2	2	2	1	1	1	2	3	2	3	2	3	4	4	3	3	2	3
20334	2	3	2	3	3	3	3	3	3	2	2	1	2	2	1	1	2	1
20453	1	1	1	1	1	1	1	1	1	1	4	4	4	4	4	1	4	4
20471	2	2	2	4	4	4	4	3	4	2	2	2	2	2	2	2	2	2
20481	2	1	1	1	1	1	1	2	2	2	2	2	2	2	2	2	2	2
20497	2	2	2	2	3	3	4	3	2	2	2	2	3	2	2	1	2	2
20536	1	1	1	1	1	1	2	1	3	3	3	3	3	3	3	2	2	2
20713	1	1	1	1	1	1	2	3	2	4	4	4	4	4	4	3	4	1
20945	1	2	2	1	1	1	4	2	2	4	4	4	4	4	3	3	4	4
21103	1	1	1	1	1	2	1	1	1	4	4	4	4	4	4	4	4	4
21125	1	1	1	1	1	1	2	1	1	3	4	4	3	4	4	3	4	4
21188	2	2	2	2	1	2	1	4	4	4	4	4	4	4	4	4	4	4
